1000
7 13
14 14
4 24
12 28
22 30
17 38
29 41
41 43
26 44
7 45
40 46
14 47
30 48
32 54
46 56
4 57
38 58
16 59
5 60
28 64
49 65
48 67
64 68
37 70
22 71
57 72
60 74
3 75
7 76
6 77
5 78
63 79
38 80
79 81
33 82
52 83
33 85
56 86
4 87
57 88
15 89
31 90
79 91
43 92
81 93
85 94
28 95
53 96
22 97
48 98
43 99
66 100
97 101
34 102
46 103
81 104
52 105
94 106
31 107
76 108
50 109
77 110
79 111
93 112
95 113
68 114
34 115
74 116
74 117
99 118
94 119
32 120
32 121
86 122
73 123
83 124
25 125
94 126
30 127
19 128
61 129
50 130
9 131
29 132
96 133
23 134
4 135
40 136
3 137
57 138
58 139
61 140
77 141
79 142
42 143
92 144
51 145
66 146
11 147
70 148
33 149
79 150
20 151
7 152
28 153
28 154
48 155
53 156
87 157
28 158
63 159
40 160
61 161
19 162
75 163
64 164
85 165
73 166
31 167
90 168
50 169
42 170
31 171
79 172
57 173
29 174
2 175
18 176
42 177
11 178
30 179
35 180
67 181
87 182
71 183
25 184
15 185
10 186
91 187
16 188
33 189
93 190
89 191
2 192
32 193
77 194
10 195
60 196
62 197
85 198
91 199
30 200
25 201
58 202
65 203
35 204
18 205
11 206
68 207
6 208
2 209
97 210
20 211
48 212
52 213
23 214
80 215
98 216
70 217
17 218
62 219
54 220
70 221
2 222
71 223
55 224
48 225
68 226
20 227
17 228
57 229
72 230
34 231
26 232
37 233
51 234
53 235
91 236
36 237
98 238
0 239
86 240
34 241
37 242
73 243
51 244
51 245
87 246
25 247
97 248
95 249
10 250
90 251
25 252
71 253
18 254
42 255
21 256
29 257
64 258
30 259
40 260
49 261
96 262
15 263
6 264
33 265
65 266
28 267
82 268
13 269
35 270
68 271
2 272
21 273
56 274
34 275
33 276
38 277
83 278
5 279
80 280
89 281
13 282
96 283
20 284
28 285
82 286
47 287
53 288
4 289
9 290
24 291
0 292
48 293
96 294
94 295
61 296
36 297
17 298
25 299
34 300
84 301
7 302
81 303
50 304
77 305
53 306
82 307
24 308
21 309
61 310
87 311
95 312
53 313
14 314
7 315
15 316
94 317
89 318
42 319
57 320
54 321
31 322
48 323
87 324
38 325
70 326
46 327
21 328
36 329
52 330
72 331
24 332
23 333
22 334
95 335
36 336
51 337
16 338
85 339
27 340
67 341
40 342
0 343
56 344
15 345
92 346
12 347
2 348
4 349
42 350
85 351
63 352
77 353
3 354
4 355
73 356
84 357
93 358
82 359
96 360
66 361
66 362
21 363
79 364
9 365
97 366
63 367
14 368
8 369
18 370
5 371
21 372
13 373
98 374
9 375
47 376
84 377
18 378
61 379
7 380
50 381
13 382
60 383
99 384
92 385
90 386
98 387
60 388
0 389
9 390
25 391
1 392
89 393
88 394
32 395
87 396
91 397
70 398
20 399
27 400
69 401
83 402
81 403
98 404
32 405
58 406
31 407
5 408
23 409
25 410
43 411
10 412
84 413
68 414
1 415
10 416
80 417
45 418
23 419
85 420
99 421
87 422
53 423
1 424
43 425
94 426
24 427
56 428
11 429
6 430
82 431
92 432
95 433
1 434
73 435
97 436
92 437
38 438
77 439
39 440
45 441
7 442
94 443
25 444
46 445
7 446
42 447
42 448
94 449
80 450
76 451
61 452
46 453
3 454
18 455
69 456
32 457
28 458
81 459
81 460
74 461
88 462
13 463
92 464
98 465
58 466
46 467
77 468
14 469
45 470
29 471
12 472
89 473
78 474
98 475
72 476
88 477
0 478
91 479
83 480
36 481
27 482
46 483
84 484
73 485
9 486
77 487
70 488
74 489
88 490
97 491
31 492
89 493
67 494
99 495
11 496
70 497
6 498
40 499
36 500
98 501
79 502
16 503
36 504
67 505
46 506
43 507
89 508
20 509
50 510
59 511
93 512
38 513
79 514
3 515
62 516
80 517
84 518
85 519
80 520
42 521
29 522
52 523
62 524
17 525
66 526
95 527
32 528
87 529
5 530
78 531
68 532
68 533
83 534
87 535
16 536
7 537
26 538
91 539
16 540
27 541
28 542
91 543
2 544
86 545
95 546
61 547
67 548
68 549
26 550
14 551
23 552
57 553
15 554
19 555
84 556
11 557
6 558
99 559
10 560
74 561
50 562
39 563
15 564
44 565
4 566
28 567
22 568
36 569
60 570
17 571
67 572
51 573
46 574
94 575
55 576
44 577
3 578
93 579
78 580
40 581
65 582
7 583
89 584
11 585
82 586
40 587
64 588
52 589
27 590
73 591
82 592
62 593
4 594
47 595
13 596
58 597
48 598
22 599
56 600
12 601
64 602
20 603
72 604
7 605
50 606
57 607
60 608
35 609
74 610
25 611
72 612
30 613
79 614
65 615
11 616
2 617
29 618
83 619
12 620
62 621
50 622
81 623
5 624
20 625
50 626
77 627
87 628
61 629
42 630
58 631
82 632
63 633
72 634
35 635
23 636
80 637
75 638
82 639
60 640
60 641
87 642
80 643
4 644
8 645
69 646
12 647
72 648
66 649
4 650
16 651
24 652
60 653
3 654
80 655
79 656
12 657
69 658
40 659
32 660
84 661
34 662
8 663
30 664
71 665
98 666
14 667
26 668
82 669
19 670
38 671
37 672
16 673
78 674
74 675
88 676
50 677
28 678
88 679
69 680
34 681
26 682
11 683
9 684
14 685
62 686
12 687
48 688
67 689
85 690
65 691
84 692
4 693
29 694
26 695
71 696
42 697
38 698
54 699
75 700
46 701
88 702
62 703
54 704
46 705
40 706
84 707
7 708
72 709
75 710
15 711
6 712
98 713
20 714
39 715
36 716
55 717
37 718
55 719
64 720
15 721
45 722
16 723
54 724
57 725
2 726
77 727
57 728
25 729
19 730
35 731
16 732
80 733
0 734
97 735
27 736
98 737
77 738
92 739
48 740
44 741
0 742
1 743
93 744
39 745
39 746
14 747
95 748
79 749
28 750
34 751
56 752
83 753
27 754
15 755
46 756
48 757
48 758
99 759
4 760
98 761
29 762
45 763
30 764
6 765
38 766
52 767
64 768
78 769
43 770
61 771
14 772
27 773
77 774
74 775
69 776
26 777
73 778
5 779
61 780
19 781
50 782
13 783
48 784
70 785
58 786
57 787
60 788
84 789
4 790
69 791
22 792
3 793
13 794
3 795
36 796
0 797
2 798
30 799
9 800
83 801
30 802
80 803
28 804
10 805
87 806
35 807
99 808
37 809
16 810
30 811
86 812
78 813
49 814
14 815
15 816
77 817
12 818
90 819
57 820
80 821
92 822
20 823
47 824
85 825
88 826
56 827
65 828
22 829
35 830
42 831
41 832
67 833
18 834
37 835
22 836
87 837
76 838
14 839
27 840
88 841
65 842
68 843
27 844
35 845
30 846
30 847
53 848
1 849
69 850
35 851
32 852
18 853
64 854
30 855
57 856
89 857
27 858
90 859
15 860
63 861
97 862
14 863
67 864
31 865
5 866
84 867
26 868
16 869
18 870
8 871
5 872
1 873
51 874
67 875
28 876
92 877
79 878
43 879
60 880
36 881
42 882
70 883
63 884
91 885
98 886
33 887
61 888
52 889
26 890
39 891
58 892
33 893
67 894
20 895
36 896
39 897
2 898
28 899
14 900
60 901
77 902
42 903
64 904
77 905
14 906
58 907
69 908
73 909
20 910
67 911
61 912
86 913
65 914
14 915
61 916
34 917
79 918
99 919
20 920
84 921
31 922
63 923
44 924
53 925
91 926
17 927
27 928
30 929
17 930
26 931
54 932
52 933
75 934
17 935
13 936
71 937
23 938
61 939
78 940
45 941
30 942
81 943
74 944
53 945
47 946
90 947
86 948
83 949
55 950
66 951
86 952
9 953
7 954
41 955
89 956
44 957
79 958
41 959
23 960
99 961
94 962
42 963
25 964
30 965
51 966
89 967
51 968
68 969
81 970
32 971
67 972
42 973
3 974
67 975
24 976
59 977
33 978
69 979
19 980
69 981
68 982
63 983
38 984
71 985
67 986
71 987
13 988
93 989
62 990
24 991
80 992
76 993
56 994
44 995
34 996
77 997
19 998
46 999
37 1000
32 1001
63 1002
38 1003
18 1004
97 1005
83 1006
84 1007
17 1008
32 1009
35 1010
18 1011
40 1012
74 1013
26 1014
72 1015
24 1016
99 1017
57 1018
72 1019
18 1020
63 1021
59 1022
6 1023
67 1024
32 1025
24 1026
36 1027
19 1028
55 1029
83 1030
51 1031
96 1032
52 1033
15 1034
46 1035
9 1036
48 1037
95 1038
1 1039
65 1040
89 1041
40 1042
81 1043
54 1044
95 1045
19 1046
59 1047
21 1048
1 1049
94 1050
67 1051
38 1052
93 1053
6 1054
69 1055
61 1056
41 1057
48 1058
45 1059
16 1060
18 1061
15 1062
24 1063
83 1064
96 1065
44 1066
47 1067
65 1068
59 1069
87 1070
85 1071
22 1072
66 1073
53 1074
37 1075
41 1076
67 1077
17 1078
73 1079
6 1080
54 1081
52 1082
85 1083
21 1084
45 1085
5 1086
18 1087
3 1088
17 1089
6 1090
91 1091
35 1092
6 1093
54 1094
37 1095
42 1096
55 1097
6 1098
78 1099
81 1100
89 1101
95 1102
43 1103
35 1104
33 1105
19 1106
75 1107
59 1108
0 1109
52 1110
58 1111
10 1112
49 1113
99 1114
82 1115
66 1116
44 1117
50 1118
84 1119
64 1120
10 1121
40 1122
69 1123
53 1124
85 1125
69 1126
20 1127
4 1128
23 1129
88 1130
40 1131
31 1132
79 1133
29 1134
24 1135
38 1136
79 1137
63 1138
6 1139
26 1140
2 1141
42 1142
1 1143
10 1144
27 1145
18 1146
60 1147
9 1148
96 1149
97 1150
85 1151
55 1152
27 1153
49 1154
41 1155
25 1156
97 1157
84 1158
86 1159
83 1160
33 1161
83 1162
66 1163
28 1164
40 1165
97 1166
64 1167
77 1168
76 1169
48 1170
33 1171
81 1172
68 1173
37 1174
23 1175
82 1176
78 1177
86 1178
14 1179
3 1180
89 1181
48 1182
39 1183
33 1184
4 1185
89 1186
47 1187
22 1188
78 1189
89 1190
27 1191
37 1192
59 1193
84 1194
88 1195
60 1196
54 1197
60 1198
22 1199
70 1200
18 1201
33 1202
42 1203
81 1204
73 1205
53 1206
89 1207
27 1208
97 1209
24 1210
32 1211
71 1212
18 1213
62 1214
63 1215
11 1216
14 1217
42 1218
24 1219
8 1220
74 1221
79 1222
55 1223
21 1224
69 1225
4 1226
51 1227
27 1228
67 1229
87 1230
89 1231
33 1232
84 1233
42 1234
9 1235
68 1236
52 1237
76 1238
88 1239
68 1240
82 1241
20 1242
75 1243
78 1244
6 1245
51 1246
63 1247
19 1248
90 1249
42 1250
85 1251
96 1252
18 1253
0 1254
68 1255
96 1256
93 1257
21 1258
14 1259
27 1260
59 1261
65 1262
53 1263
27 1264
92 1265
1 1266
69 1267
75 1268
0 1269
86 1270
22 1271
31 1272
11 1273
38 1274
84 1275
22 1276
97 1277
61 1278
9 1279
23 1280
17 1281
92 1282
68 1283
59 1284
92 1285
21 1286
92 1287
24 1288
21 1289
91 1290
94 1291
37 1292
70 1293
41 1294
18 1295
97 1296
90 1297
6 1298
76 1299
70 1300
77 1301
61 1302
8 1303
61 1304
57 1305
77 1306
95 1307
11 1308
88 1309
69 1310
9 1311
72 1312
57 1313
95 1314
16 1315
45 1316
42 1317
30 1318
93 1319
33 1320
84 1321
7 1322
87 1323
80 1324
78 1325
30 1326
36 1327
63 1328
34 1329
48 1330
31 1331
87 1332
1 1333
54 1334
90 1335
68 1336
68 1337
50 1338
55 1339
77 1340
64 1341
38 1342
50 1343
83 1344
0 1345
86 1346
82 1347
26 1348
0 1349
90 1350
8 1351
81 1352
1 1353
47 1354
12 1355
93 1356
51 1357
92 1358
17 1359
25 1360
17 1361
99 1362
51 1363
24 1364
79 1365
64 1366
24 1367
85 1368
88 1369
8 1370
93 1371
90 1372
32 1373
15 1374
72 1375
17 1376
27 1377
22 1378
88 1379
69 1380
15 1381
61 1382
1 1383
14 1384
77 1385
6 1386
69 1387
36 1388
83 1389
98 1390
20 1391
11 1392
63 1393
40 1394
23 1395
3 1396
58 1397
57 1398
58 1399
57 1400
95 1401
27 1402
4 1403
56 1404
94 1405
83 1406
77 1407
83 1408
50 1409
86 1410
59 1411
24 1412
72 1413
38 1414
34 1415
27 1416
65 1417
11 1418
58 1419
37 1420
4 1421
30 1422
85 1423
57 1424
59 1425
44 1426
4 1427
84 1428
48 1429
46 1430
51 1431
83 1432
82 1433
5 1434
38 1435
22 1436
30 1437
63 1438
47 1439
13 1440
94 1441
19 1442
60 1443
51 1444
32 1445
10 1446
90 1447
85 1448
24 1449
96 1450
57 1451
42 1452
49 1453
5 1454
9 1455
94 1456
55 1457
62 1458
61 1459
49 1460
99 1461
10 1462
55 1463
87 1464
21 1465
0 1466
13 1467
78 1468
54 1469
94 1470
16 1471
34 1472
68 1473
7 1474
10 1475
4 1476
38 1477
90 1478
47 1479
93 1480
10 1481
22 1482
17 1483
87 1484
58 1485
12 1486
43 1487
98 1488
17 1489
38 1490
11 1491
42 1492
13 1493
32 1494
58 1495
39 1496
57 1497
55 1498
85 1499
40 1500
91 1501
79 1502
53 1503
81 1504
13 1505
0 1506
8 1507
56 1508
31 1509
89 1510
73 1511
25 1512
84 1513
58 1514
83 1515
8 1516
10 1517
67 1518
1 1519
57 1520
52 1521
50 1522
15 1523
92 1524
33 1525
68 1526
32 1527
84 1528
72 1529
88 1530
77 1531
93 1532
71 1533
51 1534
41 1535
84 1536
82 1537
30 1538
59 1539
33 1540
6 1541
14 1542
74 1543
97 1544
9 1545
90 1546
64 1547
76 1548
51 1549
3 1550
46 1551
47 1552
12 1553
25 1554
85 1555
67 1556
61 1557
62 1558
29 1559
29 1560
47 1561
8 1562
51 1563
1 1564
90 1565
89 1566
67 1567
50 1568
7 1569
6 1570
72 1571
8 1572
53 1573
59 1574
43 1575
56 1576
7 1577
18 1578
97 1579
73 1580
38 1581
11 1582
52 1583
17 1584
31 1585
24 1586
61 1587
53 1588
92 1589
97 1590
12 1591
60 1592
84 1593
38 1594
70 1595
28 1596
1 1597
46 1598
65 1599
3 1600
41 1601
74 1602
88 1603
2 1604
34 1605
77 1606
22 1607
2 1608
43 1609
83 1610
82 1611
31 1612
72 1613
76 1614
81 1615
44 1616
72 1617
9 1618
1 1619
19 1620
47 1621
90 1622
19 1623
16 1624
84 1625
37 1626
21 1627
7 1628
12 1629
92 1630
64 1631
79 1632
97 1633
48 1634
37 1635
56 1636
83 1637
2 1638
62 1639
42 1640
28 1641
7 1642
54 1643
19 1644
8 1645
37 1646
72 1647
5 1648
15 1649
49 1650
64 1651
13 1652
69 1653
27 1654
41 1655
21 1656
0 1657
37 1658
22 1659
65 1660
45 1661
0 1662
2 1663
67 1664
9 1665
89 1666
13 1667
50 1668
51 1669
59 1670
14 1671
22 1672
54 1673
11 1674
81 1675
72 1676
5 1677
13 1678
0 1679
1 1680
52 1681
76 1682
38 1683
11 1684
33 1685
89 1686
72 1687
72 1688
72 1689
64 1690
10 1691
12 1692
39 1693
60 1694
4 1695
55 1696
35 1697
7 1698
66 1699
77 1700
71 1701
68 1702
52 1703
43 1704
78 1705
32 1706
94 1707
22 1708
13 1709
18 1710
58 1711
72 1712
43 1713
40 1714
24 1715
41 1716
85 1717
58 1718
16 1719
69 1720
67 1721
81 1722
1 1723
80 1724
60 1725
46 1726
41 1727
78 1728
98 1729
50 1730
87 1731
89 1732
12 1733
37 1734
95 1735
51 1736
37 1737
61 1738
36 1739
52 1740
38 1741
60 1742
85 1743
33 1744
19 1745
6 1746
95 1747
55 1748
20 1749
61 1750
42 1751
39 1752
67 1753
34 1754
84 1755
16 1756
92 1757
64 1758
62 1759
73 1760
8 1761
75 1762
48 1763
45 1764
79 1765
7 1766
41 1767
73 1768
40 1769
92 1770
77 1771
29 1772
31 1773
7 1774
47 1775
11 1776
25 1777
29 1778
83 1779
90 1780
77 1781
40 1782
15 1783
6 1784
77 1785
16 1786
21 1787
91 1788
75 1789
6 1790
76 1791
83 1792
11 1793
8 1794
50 1795
94 1796
66 1797
88 1798
77 1799
36 1800
9 1801
0 1802
36 1803
67 1804
11 1805
5 1806
71 1807
23 1808
43 1809
58 1810
28 1811
11 1812
12 1813
32 1814
28 1815
64 1816
74 1817
99 1818
2 1819
68 1820
67 1821
11 1822
53 1823
79 1824
91 1825
22 1826
25 1827
88 1828
3 1829
16 1830
55 1831
0 1832
20 1833
60 1834
15 1835
13 1836
69 1837
71 1838
59 1839
79 1840
45 1841
60 1842
14 1843
15 1844
26 1845
73 1846
52 1847
7 1848
87 1849
37 1850
24 1851
28 1852
18 1853
89 1854
22 1855
44 1856
49 1857
67 1858
78 1859
95 1860
57 1861
95 1862
7 1863
78 1864
93 1865
80 1866
44 1867
97 1868
8 1869
99 1870
12 1871
66 1872
8 1873
60 1874
17 1875
46 1876
36 1877
14 1878
77 1879
58 1880
14 1881
91 1882
2 1883
24 1884
49 1885
20 1886
42 1887
57 1888
17 1889
15 1890
1 1891
58 1892
70 1893
85 1894
20 1895
64 1896
63 1897
3 1898
82 1899
28 1900
99 1901
5 1902
64 1903
10 1904
59 1905
52 1906
34 1907
60 1908
85 1909
56 1910
98 1911
57 1912
81 1913
66 1914
32 1915
2 1916
89 1917
67 1918
21 1919
16 1920
28 1921
24 1922
86 1923
83 1924
52 1925
12 1926
12 1927
95 1928
47 1929
82 1930
12 1931
59 1932
91 1933
61 1934
78 1935
80 1936
66 1937
89 1938
14 1939
5 1940
64 1941
54 1942
87 1943
14 1944
33 1945
72 1946
58 1947
32 1948
75 1949
15 1950
39 1951
13 1952
6 1953
1 1954
84 1955
54 1956
35 1957
30 1958
15 1959
20 1960
26 1961
75 1962
68 1963
66 1964
75 1965
10 1966
14 1967
2 1968
28 1969
2 1970
14 1971
58 1972
36 1973
38 1974
93 1975
38 1976
75 1977
80 1978
37 1979
72 1980
26 1981
16 1982
73 1983
61 1984
62 1985
81 1986
95 1987
2 1988
27 1989
18 1990
73 1991
26 1992
46 1993
25 1994
26 1995
63 1996
99 1997
96 1998
72 1999
27 2000
9 2001
65 2002
98 2003
76 2004
29 2005
32 2006
94 2007
25 2008
65 2009
71 2010
65 2011
79 2012
41 2013
78 2014
22 2015
21 2016
34 2017
62 2018
82 2019
67 2020
86 2021
90 2022
78 2023
63 2024
72 2025
43 2026
9 2027
98 2028
85 2029
11 2030
34 2031
65 2032
63 2033
70 2034
19 2035
74 2036
17 2037
98 2038
66 2039
38 2040
90 2041
89 2042
69 2043
43 2044
46 2045
50 2046
13 2047
68 2048
6 2049
14 2050
22 2051
29 2052
16 2053
80 2054
58 2055
39 2056
95 2057
71 2058
64 2059
75 2060
79 2061
66 2062
87 2063
76 2064
52 2065
30 2066
20 2067
75 2068
29 2069
95 2070
92 2071
39 2072
88 2073
13 2074
76 2075
72 2076
70 2077
94 2078
51 2079
23 2080
73 2081
67 2082
93 2083
28 2084
16 2085
46 2086
55 2087
21 2088
72 2089
33 2090
52 2091
66 2092
87 2093
18 2094
31 2095
99 2096
24 2097
27 2098
55 2099
37 2100
87 2101
72 2102
19 2103
44 2104
20 2105
30 2106
26 2107
82 2108
29 2109
51 2110
19 2111
86 2112
57 2113
64 2114
34 2115
94 2116
58 2117
69 2118
40 2119
75 2120
35 2121
32 2122
40 2123
61 2124
8 2125
63 2126
59 2127
84 2128
79 2129
34 2130
8 2131
72 2132
74 2133
79 2134
33 2135
84 2136
87 2137
61 2138
44 2139
92 2140
58 2141
22 2142
13 2143
86 2144
95 2145
65 2146
23 2147
61 2148
34 2149
68 2150
1 2151
19 2152
5 2153
36 2154
99 2155
91 2156
2 2157
57 2158
92 2159
90 2160
9 2161
56 2162
96 2163
69 2164
81 2165
22 2166
72 2167
4 2168
75 2169
44 2170
45 2171
9 2172
44 2173
52 2174
12 2175
31 2176
55 2177
39 2178
66 2179
74 2180
61 2181
80 2182
3 2183
32 2184
19 2185
4 2186
31 2187
65 2188
80 2189
5 2190
51 2191
20 2192
7 2193
11 2194
21 2195
43 2196
16 2197
47 2198
58 2199
39 2200
93 2201
37 2202
41 2203
3 2204
53 2205
22 2206
4 2207
93 2208
31 2209
22 2210
5 2211
26 2212
91 2213
80 2214
41 2215
74 2216
9 2217
1 2218
22 2219
46 2220
77 2221
64 2222
79 2223
43 2224
70 2225
20 2226
87 2227
96 2228
33 2229
76 2230
5 2231
61 2232
42 2233
76 2234
81 2235
42 2236
45 2237
13 2238
71 2239
12 2240
81 2241
23 2242
56 2243
72 2244
47 2245
92 2246
68 2247
91 2248
27 2249
23 2250
75 2251
62 2252
64 2253
16 2254
36 2255
12 2256
27 2257
58 2258
69 2259
35 2260
74 2261
37 2262
12 2263
0 2264
24 2265
78 2266
12 2267
31 2268
19 2269
5 2270
70 2271
33 2272
65 2273
47 2274
28 2275
9 2276
53 2277
98 2278
39 2279
52 2280
20 2281
53 2282
38 2283
61 2284
83 2285
30 2286
60 2287
8 2288
83 2289
53 2290
66 2291
66 2292
0 2293
16 2294
90 2295
77 2296
5 2297
69 2298
38 2299
95 2300
53 2301
65 2302
12 2303
91 2304
36 2305
72 2306
3 2307
28 2308
70 2309
33 2310
3 2311
20 2312
4 2313
13 2314
57 2315
25 2316
76 2317
65 2318
39 2319
74 2320
23 2321
98 2322
23 2323
51 2324
90 2325
81 2326
41 2327
62 2328
74 2329
80 2330
48 2331
41 2332
36 2333
18 2334
45 2335
23 2336
65 2337
81 2338
34 2339
53 2340
39 2341
60 2342
89 2343
79 2344
28 2345
90 2346
61 2347
15 2348
13 2349
96 2350
11 2351
11 2352
3 2353
40 2354
40 2355
31 2356
72 2357
66 2358
38 2359
20 2360
36 2361
70 2362
64 2363
93 2364
86 2365
78 2366
4 2367
32 2368
66 2369
97 2370
62 2371
66 2372
50 2373
2 2374
98 2375
41 2376
43 2377
87 2378
82 2379
42 2380
60 2381
1 2382
29 2383
12 2384
25 2385
8 2386
97 2387
97 2388
48 2389
21 2390
50 2391
94 2392
95 2393
70 2394
68 2395
85 2396
46 2397
26 2398
92 2399
61 2400
92 2401
52 2402
89 2403
5 2404
10 2405
60 2406
37 2407
32 2408
2 2409
87 2410
88 2411
69 2412
48 2413
47 2414
55 2415
80 2416
21 2417
94 2418
76 2419
37 2420
24 2421
32 2422
4 2423
40 2424
5 2425
19 2426
77 2427
43 2428
4 2429
73 2430
27 2431
23 2432
21 2433
0 2434
51 2435
52 2436
87 2437
23 2438
38 2439
29 2440
15 2441
91 2442
77 2443
25 2444
38 2445
30 2446
77 2447
4 2448
62 2449
1 2450
26 2451
96 2452
28 2453
96 2454
96 2455
51 2456
6 2457
98 2458
93 2459
26 2460
91 2461
5 2462
27 2463
61 2464
11 2465
79 2466
43 2467
2 2468
35 2469
99 2470
45 2471
71 2472
15 2473
2 2474
89 2475
92 2476
55 2477
93 2478
98 2479
83 2480
70 2481
44 2482
75 2483
62 2484
55 2485
93 2486
3 2487
48 2488
21 2489
96 2490
46 2491
6 2492
13 2493
72 2494
21 2495
71 2496
93 2497
4 2498
64 2499
17 2500
24 2501
19 2502
31 2503
78 2504
4 2505
18 2506
39 2507
67 2508
40 2509
16 2510
44 2511
1 2512
42 2513
33 2514
58 2515
91 2516
73 2517
32 2518
41 2519
11 2520
28 2521
69 2522
51 2523
46 2524
32 2525
10 2526
14 2527
2 2528
44 2529
26 2530
19 2531
78 2532
35 2533
10 2534
77 2535
47 2536
87 2537
21 2538
72 2539
16 2540
9 2541
91 2542
47 2543
53 2544
77 2545
24 2546
32 2547
3 2548
77 2549
78 2550
60 2551
95 2552
53 2553
91 2554
70 2555
19 2556
47 2557
75 2558
69 2559
12 2560
44 2561
54 2562
70 2563
35 2564
55 2565
60 2566
58 2567
71 2568
69 2569
1 2570
71 2571
88 2572
84 2573
34 2574
3 2575
26 2576
86 2577
82 2578
84 2579
20 2580
28 2581
90 2582
74 2583
28 2584
8 2585
64 2586
87 2587
20 2588
78 2589
63 2590
72 2591
39 2592
86 2593
7 2594
37 2595
47 2596
5 2597
22 2598
2 2599
97 2600
15 2601
74 2602
79 2603
7 2604
43 2605
62 2606
81 2607
62 2608
57 2609
18 2610
61 2611
96 2612
83 2613
3 2614
56 2615
57 2616
52 2617
10 2618
51 2619
72 2620
32 2621
95 2622
55 2623
18 2624
98 2625
46 2626
42 2627
90 2628
60 2629
4 2630
98 2631
65 2632
9 2633
26 2634
29 2635
30 2636
51 2637
2 2638
42 2639
41 2640
70 2641
4 2642
34 2643
2 2644
2 2645
93 2646
9 2647
15 2648
31 2649
35 2650
8 2651
23 2652
44 2653
95 2654
52 2655
43 2656
1 2657
81 2658
63 2659
70 2660
59 2661
14 2662
27 2663
65 2664
49 2665
34 2666
5 2667
63 2668
79 2669
34 2670
24 2671
87 2672
6 2673
7 2674
59 2675
35 2676
20 2677
13 2678
17 2679
82 2680
76 2681
61 2682
1 2683
97 2684
74 2685
86 2686
6 2687
2 2688
98 2689
91 2690
32 2691
6 2692
1 2693
51 2694
96 2695
49 2696
59 2697
66 2698
43 2699
38 2700
89 2701
51 2702
91 2703
75 2704
56 2705
33 2706
90 2707
62 2708
95 2709
75 2710
67 2711
98 2712
36 2713
47 2714
77 2715
82 2716
87 2717
92 2718
77 2719
65 2720
66 2721
14 2722
51 2723
2 2724
83 2725
10 2726
98 2727
46 2728
44 2729
1 2730
15 2731
91 2732
99 2733
65 2734
7 2735
55 2736
88 2737
52 2738
4 2739
0 2740
79 2741
38 2742
97 2743
28 2744
89 2745
81 2746
72 2747
38 2748
43 2749
86 2750
75 2751
46 2752
47 2753
83 2754
36 2755
21 2756
85 2757
92 2758
11 2759
91 2760
36 2761
81 2762
4 2763
12 2764
38 2765
40 2766
35 2767
88 2768
65 2769
63 2770
48 2771
0 2772
62 2773
78 2774
89 2775
71 2776
71 2777
83 2778
73 2779
55 2780
45 2781
63 2782
31 2783
35 2784
19 2785
59 2786
53 2787
20 2788
10 2789
92 2790
66 2791
84 2792
98 2793
50 2794
39 2795
47 2796
31 2797
42 2798
10 2799
1 2800
54 2801
12 2802
99 2803
81 2804
22 2805
32 2806
68 2807
7 2808
67 2809
68 2810
77 2811
25 2812
38 2813
5 2814
16 2815
1 2816
90 2817
23 2818
89 2819
94 2820
15 2821
98 2822
16 2823
90 2824
49 2825
59 2826
32 2827
18 2828
45 2829
4 2830
99 2831
33 2832
18 2833
69 2834
63 2835
97 2836
2 2837
85 2838
51 2839
86 2840
59 2841
82 2842
85 2843
13 2844
71 2845
49 2846
46 2847
0 2848
65 2849
71 2850
40 2851
64 2852
58 2853
25 2854
12 2855
40 2856
31 2857
25 2858
50 2859
3 2860
51 2861
41 2862
15 2863
70 2864
44 2865
61 2866
44 2867
24 2868
31 2869
16 2870
11 2871
35 2872
58 2873
11 2874
75 2875
14 2876
7 2877
46 2878
27 2879
61 2880
24 2881
50 2882
2 2883
43 2884
61 2885
36 2886
50 2887
53 2888
18 2889
21 2890
52 2891
75 2892
25 2893
12 2894
60 2895
22 2896
5 2897
53 2898
81 2899
92 2900
11 2901
84 2902
58 2903
2 2904
31 2905
3 2906
44 2907
70 2908
33 2909
11 2910
0 2911
11 2912
25 2913
48 2914
62 2915
78 2916
78 2917
55 2918
48 2919
27 2920
87 2921
55 2922
12 2923
95 2924
15 2925
80 2926
29 2927
61 2928
39 2929
19 2930
83 2931
34 2932
1 2933
65 2934
24 2935
31 2936
5 2937
99 2938
73 2939
71 2940
74 2941
16 2942
67 2943
45 2944
84 2945
96 2946
73 2947
87 2948
65 2949
27 2950
76 2951
39 2952
57 2953
16 2954
3 2955
84 2956
12 2957
56 2958
74 2959
9 2960
8 2961
2 2962
65 2963
75 2964
36 2965
80 2966
11 2967
90 2968
57 2969
60 2970
88 2971
96 2972
23 2973
57 2974
25 2975
23 2976
75 2977
8 2978
23 2979
59 2980
30 2981
38 2982
31 2983
15 2984
54 2985
36 2986
31 2987
83 2988
86 2989
97 2990
77 2991
83 2992
39 2993
97 2994
18 2995
71 2996
26 2997
27 2998
75 2999
67 3000
87 3001
66 3002
2 3003
22 3004
59 3005
49 3006
87 3007
95 3008
55 3009
96 3010
60 3011
71 3012
12 3013
46 3014
18 3015
20 3016
65 3017
22 3018
94 3019
31 3020
48 3021
5 3022
51 3023
79 3024
53 3025
20 3026
56 3027
24 3028
85 3029
16 3030
0 3031
16 3032
41 3033
42 3034
89 3035
78 3036
49 3037
81 3038
23 3039
91 3040
99 3041
65 3042
29 3043
96 3044
26 3045
16 3046
24 3047
3 3048
80 3049
59 3050
69 3051
65 3052
35 3053
19 3054
93 3055
47 3056
59 3057
9 3058
84 3059
70 3060
7 3061
2 3062
91 3063
14 3064
74 3065
4 3066
51 3067
8 3068
28 3069
57 3070
35 3071
31 3072
8 3073
91 3074
20 3075
95 3076
48 3077
58 3078
69 3079
16 3080
89 3081
16 3082
48 3083
48 3084
34 3085
54 3086
38 3087
55 3088
26 3089
70 3090
52 3091
44 3092
37 3093
36 3094
51 3095
36 3096
29 3097
77 3098
63 3099
25 3100
87 3101
48 3102
20 3103
14 3104
66 3105
23 3106
33 3107
42 3108
63 3109
72 3110
76 3111
96 3112
77 3113
98 3114
11 3115
18 3116
6 3117
35 3118
32 3119
68 3120
6 3121
86 3122
7 3123
54 3124
27 3125
21 3126
37 3127
30 3128
23 3129
31 3130
10 3131
52 3132
22 3133
45 3134
30 3135
56 3136
57 3137
74 3138
20 3139
77 3140
39 3141
10 3142
69 3143
8 3144
1 3145
98 3146
0 3147
31 3148
26 3149
96 3150
10 3151
42 3152
18 3153
31 3154
51 3155
59 3156
7 3157
22 3158
80 3159
76 3160
60 3161
37 3162
24 3163
42 3164
98 3165
40 3166
50 3167
21 3168
28 3169
74 3170
85 3171
23 3172
96 3173
66 3174
20 3175
58 3176
19 3177
6 3178
33 3179
8 3180
62 3181
28 3182
45 3183
55 3184
74 3185
49 3186
84 3187
70 3188
10 3189
37 3190
72 3191
55 3192
99 3193
93 3194
83 3195
42 3196
90 3197
91 3198
37 3199
50 3200
19 3201
35 3202
87 3203
79 3204
81 3205
6 3206
69 3207
7 3208
25 3209
10 3210
97 3211
93 3212
56 3213
76 3214
93 3215
13 3216
68 3217
38 3218
67 3219
80 3220
5 3221
91 3222
10 3223
16 3224
95 3225
2 3226
15 3227
36 3228
78 3229
75 3230
91 3231
92 3232
27 3233
16 3234
14 3235
17 3236
23 3237
97 3238
37 3239
51 3240
86 3241
99 3242
46 3243
2 3244
65 3245
80 3246
49 3247
29 3248
49 3249
91 3250
2 3251
85 3252
15 3253
43 3254
56 3255
69 3256
95 3257
40 3258
15 3259
81 3260
16 3261
56 3262
34 3263
86 3264
87 3265
99 3266
80 3267
76 3268
25 3269
83 3270
82 3271
81 3272
42 3273
33 3274
40 3275
71 3276
21 3277
66 3278
87 3279
28 3280
89 3281
13 3282
28 3283
91 3284
71 3285
24 3286
45 3287
30 3288
87 3289
94 3290
26 3291
9 3292
25 3293
33 3294
37 3295
92 3296
68 3297
3 3298
27 3299
56 3300
86 3301
88 3302
60 3303
7 3304
88 3305
68 3306
89 3307
12 3308
53 3309
29 3310
55 3311
92 3312
90 3313
52 3314
94 3315
50 3316
56 3317
24 3318
67 3319
2 3320
72 3321
75 3322
57 3323
76 3324
39 3325
97 3326
54 3327
50 3328
10 3329
29 3330
9 3331
39 3332
57 3333
0 3334
77 3335
32 3336
44 3337
27 3338
76 3339
87 3340
30 3341
87 3342
62 3343
9 3344
4 3345
58 3346
18 3347
63 3348
60 3349
2 3350
37 3351
4 3352
55 3353
15 3354
18 3355
86 3356
68 3357
0 3358
98 3359
17 3360
2 3361
47 3362
53 3363
54 3364
25 3365
72 3366
40 3367
37 3368
4 3369
18 3370
41 3371
36 3372
44 3373
62 3374
12 3375
40 3376
34 3377
38 3378
72 3379
87 3380
0 3381
46 3382
85 3383
15 3384
22 3385
22 3386
75 3387
46 3388
17 3389
10 3390
52 3391
9 3392
97 3393
67 3394
95 3395
64 3396
92 3397
25 3398
17 3399
49 3400
15 3401
46 3402
3 3403
51 3404
58 3405
22 3406
57 3407
43 3408
78 3409
19 3410
87 3411
72 3412
60 3413
51 3414
20 3415
61 3416
63 3417
34 3418
61 3419
93 3420
2 3421
16 3422
4 3423
79 3424
45 3425
2 3426
31 3427
85 3428
89 3429
61 3430
7 3431
5 3432
78 3433
49 3434
33 3435
62 3436
0 3437
88 3438
2 3439
23 3440
14 3441
93 3442
44 3443
79 3444
53 3445
24 3446
91 3447
32 3448
60 3449
89 3450
32 3451
75 3452
93 3453
14 3454
61 3455
67 3456
66 3457
87 3458
43 3459
87 3460
96 3461
19 3462
93 3463
71 3464
66 3465
96 3466
35 3467
89 3468
46 3469
85 3470
78 3471
66 3472
22 3473
49 3474
71 3475
14 3476
6 3477
99 3478
7 3479
33 3480
85 3481
10 3482
71 3483
53 3484
14 3485
67 3486
44 3487
16 3488
45 3489
96 3490
19 3491
91 3492
42 3493
62 3494
33 3495
63 3496
77 3497
3 3498
12 3499
73 3500
97 3501
42 3502
75 3503
45 3504
7 3505
59 3506
38 3507
71 3508
88 3509
81 3510
18 3511
50 3512
6 3513
71 3514
79 3515
15 3516
75 3517
25 3518
35 3519
44 3520
42 3521
34 3522
29 3523
94 3524
49 3525
48 3526
63 3527
57 3528
11 3529
50 3530
0 3531
34 3532
19 3533
44 3534
9 3535
67 3536
80 3537
72 3538
58 3539
5 3540
54 3541
20 3542
95 3543
79 3544
4 3545
74 3546
99 3547
27 3548
22 3549
72 3550
24 3551
67 3552
26 3553
61 3554
36 3555
38 3556
41 3557
96 3558
25 3559
70 3560
99 3561
33 3562
91 3563
66 3564
53 3565
64 3566
51 3567
55 3568
13 3569
76 3570
61 3571
80 3572
58 3573
20 3574
67 3575
41 3576
61 3577
85 3578
13 3579
31 3580
8 3581
95 3582
60 3583
34 3584
72 3585
34 3586
87 3587
42 3588
66 3589
17 3590
42 3591
8 3592
38 3593
68 3594
80 3595
36 3596
49 3597
9 3598
69 3599
63 3600
81 3601
10 3602
21 3603
73 3604
58 3605
75 3606
13 3607
54 3608
31 3609
47 3610
11 3611
42 3612
95 3613
77 3614
84 3615
99 3616
71 3617
72 3618
13 3619
68 3620
0 3621
83 3622
54 3623
82 3624
28 3625
96 3626
82 3627
66 3628
87 3629
96 3630
43 3631
96 3632
91 3633
50 3634
89 3635
56 3636
26 3637
59 3638
81 3639
2 3640
45 3641
26 3642
35 3643
50 3644
72 3645
40 3646
53 3647
31 3648
11 3649
96 3650
56 3651
26 3652
55 3653
45 3654
18 3655
40 3656
1 3657
44 3658
65 3659
13 3660
85 3661
31 3662
2 3663
78 3664
12 3665
95 3666
49 3667
47 3668
72 3669
62 3670
19 3671
99 3672
78 3673
19 3674
54 3675
15 3676
15 3677
69 3678
19 3679
61 3680
51 3681
20 3682
23 3683
34 3684
95 3685
58 3686
64 3687
36 3688
43 3689
61 3690
31 3691
19 3692
53 3693
71 3694
16 3695
0 3696
88 3697
4 3698
55 3699
84 3700
62 3701
99 3702
49 3703
51 3704
73 3705
86 3706
82 3707
62 3708
1 3709
89 3710
40 3711
21 3712
70 3713
25 3714
53 3715
70 3716
35 3717
97 3718
51 3719
3 3720
56 3721
26 3722
57 3723
97 3724
33 3725
41 3726
38 3727
52 3728
12 3729
57 3730
18 3731
14 3732
59 3733
63 3734
83 3735
43 3736
24 3737
55 3738
61 3739
26 3740
38 3741
60 3742
38 3743
41 3744
83 3745
39 3746
36 3747
69 3748
51 3749
91 3750
54 3751
4 3752
50 3753
76 3754
10 3755
6 3756
24 3757
66 3758
78 3759
57 3760
24 3761
13 3762
95 3763
26 3764
89 3765
64 3766
22 3767
4 3768
50 3769
4 3770
91 3771
15 3772
65 3773
45 3774
85 3775
49 3776
37 3777
39 3778
86 3779
65 3780
0 3781
89 3782
64 3783
80 3784
7 3785
24 3786
81 3787
46 3788
64 3789
21 3790
10 3791
34 3792
35 3793
55 3794
37 3795
67 3796
30 3797
20 3798
44 3799
57 3800
97 3801
39 3802
46 3803
84 3804
98 3805
39 3806
30 3807
79 3808
69 3809
92 3810
35 3811
90 3812
10 3813
25 3814
57 3815
46 3816
31 3817
97 3818
62 3819
40 3820
80 3821
68 3822
85 3823
88 3824
36 3825
94 3826
77 3827
44 3828
75 3829
20 3830
11 3831
65 3832
96 3833
84 3834
73 3835
21 3836
41 3837
23 3838
78 3839
81 3840
62 3841
10 3842
88 3843
97 3844
39 3845
83 3846
8 3847
27 3848
9 3849
80 3850
92 3851
22 3852
34 3853
29 3854
39 3855
64 3856
3 3857
46 3858
15 3859
29 3860
44 3861
6 3862
86 3863
88 3864
78 3865
85 3866
96 3867
11 3868
66 3869
44 3870
1 3871
22 3872
55 3873
85 3874
14 3875
87 3876
16 3877
55 3878
99 3879
15 3880
33 3881
74 3882
88 3883
46 3884
88 3885
75 3886
83 3887
48 3888
37 3889
93 3890
20 3891
2 3892
18 3893
49 3894
42 3895
10 3896
44 3897
49 3898
1 3899
51 3900
9 3901
86 3902
86 3903
73 3904
61 3905
11 3906
88 3907
60 3908
67 3909
55 3910
91 3911
46 3912
72 3913
50 3914
50 3915
98 3916
3 3917
19 3918
4 3919
54 3920
59 3921
62 3922
27 3923
31 3924
25 3925
76 3926
0 3927
91 3928
13 3929
76 3930
33 3931
14 3932
13 3933
74 3934
48 3935
82 3936
7 3937
73 3938
70 3939
42 3940
47 3941
90 3942
49 3943
6 3944
65 3945
8 3946
73 3947
96 3948
13 3949
81 3950
16 3951
47 3952
87 3953
99 3954
91 3955
28 3956
31 3957
93 3958
46 3959
84 3960
2 3961
0 3962
60 3963
0 3964
39 3965
90 3966
93 3967
70 3968
78 3969
12 3970
38 3971
51 3972
8 3973
18 3974
79 3975
99 3976
3 3977
65 3978
60 3979
51 3980
19 3981
5 3982
76 3983
97 3984
43 3985
71 3986
49 3987
14 3988
39 3989
35 3990
7 3991
5 3992
94 3993
47 3994
2 3995
12 3996
35 3997
44 3998
8 3999
57 4000
30 4001
25 4002
1 4003
49 4004
80 4005
87 4006
59 4007
45 4008
63 4009
13 4010
83 4011
65 4012
57 4013
58 4014
62 4015
3 4016
92 4017
42 4018
45 4019
61 4020
67 4021
93 4022
98 4023
78 4024
82 4025
89 4026
63 4027
59 4028
58 4029
47 4030
88 4031
91 4032
6 4033
71 4034
1 4035
24 4036
32 4037
90 4038
1 4039
4 4040
97 4041
49 4042
90 4043
95 4044
5 4045
43 4046
23 4047
30 4048
74 4049
75 4050
73 4051
70 4052
67 4053
54 4054
14 4055
58 4056
22 4057
45 4058
25 4059
7 4060
89 4061
60 4062
76 4063
6 4064
97 4065
51 4066
98 4067
16 4068
93 4069
37 4070
48 4071
75 4072
20 4073
99 4074
22 4075
71 4076
87 4077
22 4078
98 4079
8 4080
77 4081
25 4082
69 4083
97 4084
2 4085
27 4086
62 4087
13 4088
4 4089
2 4090
71 4091
5 4092
35 4093
70 4094
66 4095
68 4096
19 4097
46 4098
19 4099
23 4100
17 4101
14 4102
27 4103
18 4104
55 4105
78 4106
46 4107
11 4108
42 4109
80 4110
48 4111
71 4112
46 4113
84 4114
18 4115
66 4116
90 4117
60 4118
17 4119
19 4120
58 4121
73 4122
0 4123
51 4124
33 4125
52 4126
72 4127
46 4128
75 4129
27 4130
89 4131
62 4132
53 4133
21 4134
58 4135
89 4136
5 4137
46 4138
74 4139
70 4140
52 4141
86 4142
15 4143
22 4144
26 4145
20 4146
96 4147
60 4148
20 4149
18 4150
21 4151
61 4152
10 4153
83 4154
69 4155
43 4156
55 4157
11 4158
60 4159
81 4160
1 4161
57 4162
94 4163
13 4164
10 4165
65 4166
56 4167
1 4168
76 4169
91 4170
59 4171
83 4172
79 4173
33 4174
83 4175
49 4176
45 4177
4 4178
63 4179
50 4180
10 4181
38 4182
22 4183
39 4184
32 4185
13 4186
73 4187
72 4188
18 4189
52 4190
58 4191
88 4192
58 4193
10 4194
26 4195
17 4196
41 4197
39 4198
39 4199
97 4200
58 4201
90 4202
94 4203
50 4204
44 4205
97 4206
16 4207
12 4208
51 4209
19 4210
22 4211
44 4212
82 4213
96 4214
93 4215
46 4216
95 4217
77 4218
17 4219
42 4220
98 4221
20 4222
40 4223
71 4224
67 4225
63 4226
27 4227
38 4228
95 4229
52 4230
70 4231
87 4232
63 4233
48 4234
48 4235
26 4236
77 4237
3 4238
97 4239
13 4240
58 4241
62 4242
94 4243
81 4244
39 4245
68 4246
94 4247
86 4248
1 4249
69 4250
88 4251
3 4252
46 4253
1 4254
70 4255
69 4256
25 4257
47 4258
40 4259
9 4260
71 4261
44 4262
48 4263
19 4264
33 4265
25 4266
30 4267
41 4268
5 4269
9 4270
83 4271
20 4272
38 4273
20 4274
2 4275
20 4276
50 4277
4 4278
61 4279
74 4280
7 4281
48 4282
58 4283
91 4284
97 4285
82 4286
3 4287
20 4288
18 4289
30 4290
7 4291
1 4292
51 4293
40 4294
18 4295
66 4296
30 4297
80 4298
28 4299
32 4300
98 4301
61 4302
10 4303
50 4304
3 4305
17 4306
4 4307
73 4308
55 4309
78 4310
33 4311
62 4312
94 4313
49 4314
25 4315
27 4316
63 4317
80 4318
30 4319
8 4320
27 4321
8 4322
34 4323
21 4324
13 4325
30 4326
84 4327
80 4328
80 4329
62 4330
79 4331
94 4332
74 4333
80 4334
33 4335
73 4336
26 4337
12 4338
64 4339
52 4340
27 4341
83 4342
74 4343
43 4344
33 4345
81 4346
75 4347
30 4348
95 4349
94 4350
80 4351
27 4352
16 4353
22 4354
98 4355
30 4356
56 4357
33 4358
80 4359
87 4360
76 4361
9 4362
65 4363
21 4364
37 4365
62 4366
57 4367
8 4368
22 4369
64 4370
76 4371
97 4372
38 4373
19 4374
55 4375
4 4376
4 4377
70 4378
46 4379
96 4380
42 4381
50 4382
97 4383
25 4384
43 4385
39 4386
85 4387
87 4388
93 4389
68 4390
96 4391
97 4392
5 4393
11 4394
51 4395
7 4396
78 4397
2 4398
70 4399
65 4400
0 4401
59 4402
10 4403
29 4404
25 4405
38 4406
62 4407
34 4408
11 4409
3 4410
79 4411
83 4412
76 4413
27 4414
52 4415
83 4416
23 4417
41 4418
60 4419
22 4420
22 4421
94 4422
22 4423
37 4424
39 4425
54 4426
70 4427
15 4428
36 4429
64 4430
29 4431
52 4432
95 4433
64 4434
9 4435
98 4436
8 4437
83 4438
74 4439
21 4440
88 4441
22 4442
42 4443
33 4444
42 4445
0 4446
82 4447
3 4448
3 4449
28 4450
87 4451
77 4452
38 4453
9 4454
39 4455
15 4456
18 4457
73 4458
37 4459
76 4460
46 4461
7 4462
57 4463
90 4464
14 4465
90 4466
76 4467
45 4468
88 4469
80 4470
16 4471
31 4472
36 4473
67 4474
69 4475
46 4476
3 4477
22 4478
60 4479
67 4480
97 4481
27 4482
60 4483
73 4484
38 4485
74 4486
98 4487
9 4488
72 4489
19 4490
56 4491
7 4492
70 4493
52 4494
38 4495
4 4496
68 4497
94 4498
27 4499
14 4500
0 4501
18 4502
11 4503
2 4504
38 4505
44 4506
10 4507
82 4508
20 4509
45 4510
46 4511
42 4512
78 4513
97 4514
51 4515
68 4516
5 4517
67 4518
85 4519
56 4520
17 4521
17 4522
97 4523
14 4524
36 4525
66 4526
50 4527
62 4528
27 4529
69 4530
65 4531
25 4532
39 4533
7 4534
5 4535
12 4536
94 4537
61 4538
50 4539
9 4540
61 4541
86 4542
71 4543
8 4544
9 4545
71 4546
29 4547
88 4548
17 4549
51 4550
46 4551
1 4552
3 4553
51 4554
63 4555
99 4556
12 4557
42 4558
49 4559
88 4560
59 4561
62 4562
38 4563
48 4564
94 4565
57 4566
33 4567
46 4568
63 4569
99 4570
46 4571
35 4572
12 4573
99 4574
86 4575
99 4576
41 4577
21 4578
95 4579
74 4580
73 4581
70 4582
42 4583
1 4584
81 4585
49 4586
31 4587
97 4588
86 4589
67 4590
29 4591
74 4592
25 4593
3 4594
35 4595
21 4596
36 4597
58 4598
12 4599
34 4600
33 4601
12 4602
51 4603
95 4604
8 4605
65 4606
94 4607
34 4608
75 4609
56 4610
14 4611
66 4612
87 4613
76 4614
29 4615
79 4616
48 4617
20 4618
0 4619
19 4620
14 4621
22 4622
11 4623
71 4624
81 4625
47 4626
22 4627
53 4628
24 4629
37 4630
39 4631
42 4632
20 4633
19 4634
79 4635
84 4636
57 4637
7 4638
75 4639
74 4640
97 4641
96 4642
13 4643
86 4644
44 4645
24 4646
46 4647
92 4648
48 4649
87 4650
39 4651
25 4652
49 4653
28 4654
76 4655
67 4656
24 4657
81 4658
98 4659
39 4660
98 4661
83 4662
41 4663
35 4664
72 4665
53 4666
24 4667
42 4668
56 4669
51 4670
0 4671
25 4672
29 4673
75 4674
18 4675
4 4676
6 4677
88 4678
14 4679
87 4680
92 4681
14 4682
54 4683
60 4684
50 4685
26 4686
80 4687
28 4688
1 4689
83 4690
33 4691
44 4692
75 4693
11 4694
54 4695
54 4696
1 4697
29 4698
36 4699
47 4700
12 4701
42 4702
81 4703
96 4704
68 4705
26 4706
54 4707
57 4708
43 4709
25 4710
82 4711
90 4712
87 4713
39 4714
3 4715
72 4716
6 4717
67 4718
68 4719
3 4720
64 4721
2 4722
8 4723
60 4724
99 4725
7 4726
70 4727
77 4728
78 4729
88 4730
88 4731
19 4732
0 4733
62 4734
11 4735
55 4736
70 4737
15 4738
13 4739
2 4740
73 4741
67 4742
25 4743
51 4744
20 4745
58 4746
68 4747
3 4748
47 4749
61 4750
2 4751
66 4752
7 4753
81 4754
28 4755
62 4756
36 4757
16 4758
62 4759
16 4760
47 4761
30 4762
53 4763
49 4764
57 4765
73 4766
18 4767
40 4768
51 4769
15 4770
3 4771
86 4772
23 4773
56 4774
86 4775
33 4776
81 4777
0 4778
59 4779
7 4780
46 4781
34 4782
96 4783
23 4784
60 4785
96 4786
9 4787
45 4788
64 4789
14 4790
2 4791
44 4792
49 4793
98 4794
66 4795
65 4796
44 4797
73 4798
13 4799
60 4800
43 4801
86 4802
49 4803
32 4804
18 4805
41 4806
11 4807
38 4808
56 4809
65 4810
18 4811
74 4812
29 4813
67 4814
49 4815
82 4816
84 4817
40 4818
44 4819
1 4820
10 4821
49 4822
0 4823
72 4824
42 4825
78 4826
36 4827
4 4828
14 4829
86 4830
36 4831
2 4832
8 4833
63 4834
26 4835
65 4836
82 4837
82 4838
95 4839
18 4840
87 4841
84 4842
81 4843
22 4844
4 4845
40 4846
82 4847
23 4848
85 4849
39 4850
25 4851
67 4852
28 4853
86 4854
54 4855
96 4856
93 4857
90 4858
49 4859
36 4860
54 4861
69 4862
12 4863
99 4864
50 4865
6 4866
17 4867
34 4868
25 4869
58 4870
17 4871
1 4872
92 4873
91 4874
15 4875
4 4876
26 4877
70 4878
46 4879
30 4880
4 4881
40 4882
56 4883
20 4884
57 4885
45 4886
44 4887
33 4888
36 4889
47 4890
25 4891
53 4892
99 4893
48 4894
44 4895
7 4896
13 4897
69 4898
89 4899
32 4900
83 4901
94 4902
17 4903
3 4904
60 4905
94 4906
73 4907
68 4908
69 4909
72 4910
11 4911
7 4912
93 4913
87 4914
16 4915
36 4916
72 4917
43 4918
3 4919
24 4920
29 4921
76 4922
56 4923
2 4924
29 4925
55 4926
79 4927
62 4928
87 4929
75 4930
47 4931
90 4932
59 4933
92 4934
87 4935
11 4936
9 4937
48 4938
41 4939
47 4940
41 4941
98 4942
32 4943
23 4944
38 4945
9 4946
86 4947
31 4948
22 4949
0 4950
21 4951
89 4952
40 4953
97 4954
31 4955
64 4956
26 4957
14 4958
79 4959
7 4960
27 4961
12 4962
15 4963
31 4964
19 4965
88 4966
54 4967
43 4968
35 4969
97 4970
73 4971
11 4972
18 4973
60 4974
83 4975
35 4976
69 4977
61 4978
8 4979
84 4980
0 4981
35 4982
9 4983
85 4984
10 4985
81 4986
92 4987
82 4988
49 4989
62 4990
63 4991
14 4992
60 4993
60 4994
37 4995
86 4996
31 4997
93 4998
86 4999
4 5000
95 5001
7 5002
16 5003
17 5004
92 5005
17 5006
65 5007
51 5008
39 5009
25 5010
31 5011
12 5012
73 5013
4 5014
42 5015
44 5016
49 5017
30 5018
53 5019
42 5020
60 5021
27 5022
83 5023
41 5024
50 5025
15 5026
28 5027
82 5028
58 5029
44 5030
41 5031
62 5032
28 5033
68 5034
11 5035
42 5036
97 5037
58 5038
8 5039
47 5040
71 5041
86 5042
13 5043
40 5044
99 5045
47 5046
42 5047
16 5048
75 5049
24 5050
38 5051
9 5052
87 5053
62 5054
27 5055
25 5056
4 5057
63 5058
53 5059
46 5060
65 5061
87 5062
77 5063
60 5064
75 5065
71 5066
32 5067
3 5068
96 5069
86 5070
72 5071
5 5072
43 5073
22 5074
16 5075
7 5076
79 5077
50 5078
82 5079
20 5080
29 5081
66 5082
97 5083
88 5084
22 5085
33 5086
57 5087
44 5088
9 5089
99 5090
15 5091
46 5092
1 5093
62 5094
58 5095
88 5096
80 5097
28 5098
19 5099
0 5100
66 5101
84 5102
93 5103
99 5104
35 5105
45 5106
96 5107
9 5108
58 5109
6 5110
18 5111
36 5112
91 5113
42 5114
87 5115
39 5116
82 5117
74 5118
91 5119
11 5120
0 5121
17 5122
32 5123
44 5124
10 5125
40 5126
14 5127
91 5128
43 5129
56 5130
64 5131
61 5132
52 5133
35 5134
96 5135
43 5136
84 5137
24 5138
95 5139
78 5140
89 5141
28 5142
9 5143
84 5144
19 5145
63 5146
81 5147
5 5148
91 5149
28 5150
66 5151
88 5152
87 5153
5 5154
29 5155
94 5156
73 5157
61 5158
18 5159
11 5160
91 5161
19 5162
58 5163
60 5164
94 5165
86 5166
46 5167
23 5168
25 5169
19 5170
75 5171
88 5172
88 5173
19 5174
65 5175
89 5176
34 5177
72 5178
94 5179
86 5180
78 5181
3 5182
12 5183
56 5184
59 5185
63 5186
15 5187
33 5188
16 5189
35 5190
51 5191
8 5192
70 5193
58 5194
14 5195
36 5196
71 5197
56 5198
50 5199
77 5200
73 5201
83 5202
82 5203
23 5204
66 5205
82 5206
18 5207
85 5208
6 5209
71 5210
54 5211
79 5212
70 5213
35 5214
39 5215
22 5216
54 5217
4 5218
71 5219
33 5220
40 5221
68 5222
93 5223
52 5224
9 5225
14 5226
76 5227
54 5228
68 5229
29 5230
70 5231
65 5232
36 5233
2 5234
28 5235
9 5236
51 5237
30 5238
66 5239
3 5240
85 5241
3 5242
86 5243
93 5244
74 5245
14 5246
89 5247
80 5248
3 5249
27 5250
82 5251
14 5252
36 5253
78 5254
83 5255
21 5256
57 5257
38 5258
80 5259
10 5260
92 5261
28 5262
56 5263
72 5264
51 5265
74 5266
70 5267
15 5268
72 5269
79 5270
24 5271
11 5272
75 5273
17 5274
19 5275
16 5276
56 5277
11 5278
73 5279
20 5280
96 5281
99 5282
1 5283
44 5284
59 5285
24 5286
35 5287
88 5288
50 5289
30 5290
14 5291
90 5292
0 5293
2 5294
41 5295
93 5296
81 5297
81 5298
21 5299
2 5300
48 5301
50 5302
30 5303
39 5304
97 5305
25 5306
95 5307
48 5308
4 5309
92 5310
21 5311
36 5312
50 5313
28 5314
47 5315
85 5316
30 5317
16 5318
21 5319
95 5320
50 5321
1 5322
6 5323
22 5324
36 5325
88 5326
33 5327
57 5328
48 5329
94 5330
96 5331
10 5332
99 5333
31 5334
33 5335
65 5336
7 5337
66 5338
70 5339
23 5340
85 5341
72 5342
79 5343
47 5344
46 5345
8 5346
58 5347
64 5348
12 5349
16 5350
61 5351
53 5352
38 5353
87 5354
3 5355
24 5356
20 5357
99 5358
6 5359
19 5360
83 5361
70 5362
46 5363
5 5364
15 5365
62 5366
67 5367
48 5368
34 5369
46 5370
95 5371
23 5372
46 5373
68 5374
74 5375
50 5376
96 5377
35 5378
36 5379
89 5380
78 5381
21 5382
77 5383
78 5384
56 5385
19 5386
35 5387
6 5388
31 5389
62 5390
15 5391
21 5392
75 5393
67 5394
23 5395
32 5396
74 5397
23 5398
58 5399
55 5400
23 5401
22 5402
50 5403
84 5404
73 5405
7 5406
77 5407
72 5408
84 5409
12 5410
59 5411
32 5412
57 5413
92 5414
15 5415
31 5416
60 5417
47 5418
10 5419
39 5420
28 5421
36 5422
50 5423
5 5424
46 5425
1 5426
98 5427
74 5428
14 5429
11 5430
94 5431
15 5432
75 5433
52 5434
48 5435
4 5436
69 5437
23 5438
53 5439
91 5440
87 5441
29 5442
19 5443
54 5444
47 5445
95 5446
86 5447
81 5448
35 5449
67 5450
64 5451
73 5452
15 5453
46 5454
0 5455
84 5456
33 5457
52 5458
24 5459
92 5460
10 5461
35 5462
61 5463
90 5464
90 5465
20 5466
33 5467
67 5468
28 5469
0 5470
87 5471
35 5472
57 5473
1 5474
32 5475
14 5476
66 5477
67 5478
63 5479
93 5480
54 5481
16 5482
2 5483
7 5484
67 5485
16 5486
78 5487
90 5488
81 5489
17 5490
6 5491
83 5492
57 5493
2 5494
36 5495
16 5496
5 5497
83 5498
7 5499
78 5500
79 5501
61 5502
51 5503
73 5504
93 5505
86 5506
67 5507
28 5508
32 5509
19 5510
51 5511
92 5512
75 5513
49 5514
68 5515
59 5516
1 5517
17 5518
29 5519
45 5520
96 5521
9 5522
6 5523
74 5524
76 5525
14 5526
77 5527
52 5528
22 5529
38 5530
42 5531
81 5532
13 5533
32 5534
34 5535
59 5536
30 5537
52 5538
9 5539
28 5540
51 5541
2 5542
38 5543
46 5544
65 5545
2 5546
3 5547
6 5548
1 5549
38 5550
62 5551
99 5552
40 5553
25 5554
16 5555
78 5556
97 5557
97 5558
87 5559
71 5560
25 5561
67 5562
7 5563
11 5564
60 5565
95 5566
66 5567
62 5568
62 5569
44 5570
28 5571
21 5572
18 5573
24 5574
97 5575
18 5576
39 5577
33 5578
79 5579
11 5580
32 5581
3 5582
25 5583
40 5584
36 5585
80 5586
33 5587
87 5588
21 5589
87 5590
4 5591
62 5592
12 5593
45 5594
28 5595
44 5596
78 5597
53 5598
8 5599
86 5600
37 5601
79 5602
64 5603
10 5604
8 5605
70 5606
91 5607
10 5608
67 5609
40 5610
28 5611
95 5612
37 5613
34 5614
77 5615
87 5616
83 5617
76 5618
60 5619
64 5620
3 5621
8 5622
47 5623
88 5624
56 5625
29 5626
73 5627
23 5628
58 5629
52 5630
46 5631
39 5632
30 5633
24 5634
94 5635
78 5636
66 5637
89 5638
57 5639
53 5640
36 5641
14 5642
27 5643
31 5644
80 5645
66 5646
11 5647
23 5648
42 5649
83 5650
35 5651
21 5652
91 5653
12 5654
55 5655
4 5656
70 5657
18 5658
41 5659
43 5660
43 5661
36 5662
70 5663
39 5664
48 5665
30 5666
7 5667
99 5668
77 5669
77 5670
60 5671
97 5672
54 5673
88 5674
50 5675
63 5676
77 5677
68 5678
47 5679
7 5680
8 5681
92 5682
59 5683
28 5684
48 5685
51 5686
80 5687
46 5688
0 5689
80 5690
95 5691
36 5692
37 5693
61 5694
14 5695
92 5696
73 5697
97 5698
37 5699
92 5700
87 5701
61 5702
48 5703
47 5704
17 5705
21 5706
39 5707
81 5708
86 5709
40 5710
70 5711
5 5712
5 5713
62 5714
16 5715
86 5716
65 5717
4 5718
58 5719
42 5720
79 5721
55 5722
39 5723
95 5724
48 5725
6 5726
47 5727
39 5728
89 5729
84 5730
49 5731
41 5732
62 5733
50 5734
55 5735
14 5736
90 5737
84 5738
97 5739
65 5740
55 5741
46 5742
24 5743
66 5744
67 5745
82 5746
70 5747
56 5748
21 5749
76 5750
78 5751
94 5752
64 5753
7 5754
29 5755
99 5756
35 5757
65 5758
98 5759
30 5760
26 5761
78 5762
30 5763
8 5764
49 5765
53 5766
67 5767
90 5768
35 5769
82 5770
2 5771
71 5772
50 5773
82 5774
71 5775
33 5776
73 5777
94 5778
98 5779
57 5780
71 5781
96 5782
88 5783
59 5784
23 5785
57 5786
65 5787
3 5788
96 5789
79 5790
27 5791
60 5792
65 5793
46 5794
59 5795
46 5796
90 5797
36 5798
8 5799
15 5800
28 5801
49 5802
18 5803
95 5804
34 5805
33 5806
54 5807
16 5808
68 5809
82 5810
18 5811
4 5812
14 5813
29 5814
12 5815
96 5816
16 5817
6 5818
97 5819
64 5820
91 5821
36 5822
88 5823
8 5824
73 5825
23 5826
1 5827
72 5828
35 5829
29 5830
12 5831
58 5832
57 5833
30 5834
67 5835
26 5836
82 5837
34 5838
45 5839
60 5840
19 5841
65 5842
49 5843
31 5844
81 5845
45 5846
80 5847
98 5848
11 5849
40 5850
10 5851
6 5852
60 5853
97 5854
82 5855
74 5856
68 5857
8 5858
98 5859
36 5860
32 5861
35 5862
62 5863
45 5864
92 5865
55 5866
1 5867
90 5868
35 5869
33 5870
20 5871
4 5872
21 5873
41 5874
32 5875
94 5876
32 5877
0 5878
50 5879
46 5880
92 5881
20 5882
71 5883
45 5884
86 5885
37 5886
27 5887
74 5888
13 5889
89 5890
77 5891
13 5892
67 5893
21 5894
18 5895
84 5896
78 5897
52 5898
1 5899
98 5900
13 5901
18 5902
71 5903
41 5904
85 5905
14 5906
94 5907
77 5908
7 5909
22 5910
42 5911
70 5912
95 5913
52 5914
19 5915
91 5916
37 5917
3 5918
1 5919
55 5920
54 5921
50 5922
92 5923
46 5924
66 5925
21 5926
21 5927
28 5928
54 5929
95 5930
10 5931
81 5932
93 5933
71 5934
80 5935
21 5936
50 5937
73 5938
95 5939
29 5940
58 5941
48 5942
21 5943
33 5944
75 5945
46 5946
87 5947
21 5948
10 5949
97 5950
65 5951
23 5952
60 5953
64 5954
68 5955
84 5956
30 5957
41 5958
66 5959
72 5960
98 5961
70 5962
16 5963
5 5964
42 5965
50 5966
28 5967
78 5968
87 5969
4 5970
29 5971
98 5972
96 5973
98 5974
88 5975
13 5976
23 5977
62 5978
79 5979
69 5980
87 5981
75 5982
79 5983
83 5984
27 5985
45 5986
70 5987
78 5988
26 5989
7 5990
35 5991
86 5992
51 5993
2 5994
51 5995
21 5996
99 5997
18 5998
43 5999
49 6000
30 6001
68 6002
97 6003
97 6004
96 6005
1 6006
70 6007
93 6008
81 6009
44 6010
85 6011
25 6012
92 6013
21 6014
24 6015
50 6016
45 6017
10 6018
41 6019
46 6020
59 6021
5 6022
53 6023
24 6024
0 6025
88 6026
44 6027
3 6028
16 6029
98 6030
15 6031
73 6032
6 6033
92 6034
71 6035
64 6036
30 6037
34 6038
81 6039
71 6040
52 6041
97 6042
66 6043
63 6044
48 6045
46 6046
84 6047
33 6048
13 6049
39 6050
83 6051
70 6052
85 6053
66 6054
64 6055
2 6056
91 6057
18 6058
48 6059
80 6060
98 6061
31 6062
44 6063
17 6064
99 6065
4 6066
90 6067
9 6068
16 6069
59 6070
11 6071
60 6072
83 6073
75 6074
32 6075
80 6076
74 6077
65 6078
18 6079
36 6080
34 6081
61 6082
2 6083
41 6084
51 6085
92 6086
75 6087
79 6088
90 6089
98 6090
2 6091
23 6092
6 6093
93 6094
69 6095
31 6096
29 6097
71 6098
34 6099
21 6100
18 6101
10 6102
16 6103
31 6104
58 6105
12 6106
74 6107
47 6108
75 6109
31 6110
31 6111
72 6112
62 6113
46 6114
84 6115
67 6116
49 6117
84 6118
95 6119
35 6120
18 6121
23 6122
46 6123
52 6124
24 6125
83 6126
72 6127
25 6128
80 6129
72 6130
26 6131
28 6132
91 6133
27 6134
90 6135
59 6136
74 6137
25 6138
47 6139
14 6140
36 6141
72 6142
88 6143
13 6144
54 6145
74 6146
51 6147
80 6148
45 6149
48 6150
5 6151
8 6152
33 6153
18 6154
75 6155
56 6156
74 6157
52 6158
89 6159
53 6160
9 6161
24 6162
37 6163
21 6164
61 6165
12 6166
64 6167
34 6168
99 6169
43 6170
6 6171
5 6172
36 6173
88 6174
8 6175
46 6176
32 6177
12 6178
98 6179
26 6180
99 6181
34 6182
71 6183
53 6184
17 6185
88 6186
34 6187
98 6188
27 6189
55 6190
20 6191
83 6192
69 6193
6 6194
48 6195
7 6196
21 6197
55 6198
4 6199
96 6200
88 6201
46 6202
68 6203
19 6204
62 6205
73 6206
54 6207
17 6208
37 6209
33 6210
85 6211
5 6212
96 6213
82 6214
63 6215
48 6216
58 6217
95 6218
60 6219
55 6220
69 6221
53 6222
25 6223
53 6224
60 6225
37 6226
8 6227
50 6228
92 6229
21 6230
23 6231
90 6232
28 6233
17 6234
92 6235
40 6236
24 6237
1 6238
7 6239
13 6240
35 6241
99 6242
50 6243
3 6244
55 6245
71 6246
92 6247
78 6248
69 6249
49 6250
54 6251
25 6252
31 6253
77 6254
30 6255
58 6256
94 6257
76 6258
19 6259
13 6260
91 6261
88 6262
20 6263
66 6264
60 6265
65 6266
94 6267
21 6268
39 6269
77 6270
13 6271
95 6272
91 6273
77 6274
14 6275
85 6276
81 6277
50 6278
21 6279
38 6280
92 6281
98 6282
55 6283
46 6284
42 6285
92 6286
14 6287
28 6288
41 6289
84 6290
43 6291
34 6292
75 6293
72 6294
57 6295
86 6296
14 6297
66 6298
78 6299
92 6300
77 6301
87 6302
94 6303
15 6304
40 6305
32 6306
11 6307
3 6308
32 6309
51 6310
49 6311
44 6312
67 6313
59 6314
37 6315
22 6316
81 6317
49 6318
59 6319
40 6320
41 6321
8 6322
14 6323
41 6324
7 6325
64 6326
26 6327
28 6328
36 6329
85 6330
87 6331
63 6332
27 6333
10 6334
24 6335
69 6336
60 6337
62 6338
41 6339
91 6340
74 6341
41 6342
77 6343
72 6344
75 6345
13 6346
92 6347
85 6348
33 6349
19 6350
78 6351
28 6352
81 6353
5 6354
36 6355
64 6356
26 6357
22 6358
17 6359
32 6360
16 6361
65 6362
57 6363
94 6364
14 6365
80 6366
50 6367
33 6368
57 6369
52 6370
0 6371
77 6372
34 6373
74 6374
50 6375
71 6376
8 6377
93 6378
82 6379
98 6380
5 6381
3 6382
43 6383
15 6384
45 6385
78 6386
99 6387
46 6388
80 6389
17 6390
48 6391
41 6392
8 6393
8 6394
24 6395
0 6396
66 6397
29 6398
72 6399
70 6400
46 6401
9 6402
14 6403
19 6404
34 6405
0 6406
91 6407
49 6408
98 6409
22 6410
18 6411
47 6412
20 6413
50 6414
86 6415
36 6416
79 6417
9 6418
66 6419
18 6420
83 6421
26 6422
24 6423
79 6424
72 6425
11 6426
97 6427
25 6428
71 6429
33 6430
97 6431
77 6432
14 6433
74 6434
48 6435
31 6436
79 6437
13 6438
9 6439
81 6440
58 6441
42 6442
34 6443
99 6444
83 6445
74 6446
42 6447
1 6448
53 6449
69 6450
70 6451
88 6452
29 6453
35 6454
38 6455
80 6456
31 6457
24 6458
86 6459
69 6460
60 6461
82 6462
68 6463
69 6464
24 6465
55 6466
8 6467
18 6468
14 6469
37 6470
96 6471
78 6472
99 6473
97 6474
49 6475
16 6476
20 6477
27 6478
60 6479
96 6480
90 6481
64 6482
83 6483
47 6484
18 6485
79 6486
21 6487
5 6488
96 6489
93 6490
26 6491
13 6492
99 6493
1 6494
51 6495
1 6496
83 6497
12 6498
17 6499
29 6500
18 6501
82 6502
39 6503
47 6504
58 6505
11 6506
71 6507
24 6508
27 6509
53 6510
36 6511
97 6512
53 6513
22 6514
74 6515
59 6516
30 6517
64 6518
56 6519
78 6520
85 6521
57 6522
85 6523
34 6524
99 6525
75 6526
38 6527
81 6528
38 6529
75 6530
65 6531
9 6532
80 6533
12 6534
15 6535
42 6536
11 6537
74 6538
92 6539
1 6540
10 6541
43 6542
69 6543
39 6544
53 6545
16 6546
29 6547
31 6548
1 6549
80 6550
43 6551
26 6552
19 6553
42 6554
16 6555
52 6556
64 6557
57 6558
14 6559
71 6560
20 6561
54 6562
97 6563
20 6564
51 6565
74 6566
33 6567
99 6568
80 6569
90 6570
76 6571
46 6572
88 6573
10 6574
81 6575
53 6576
99 6577
4 6578
26 6579
42 6580
12 6581
91 6582
40 6583
14 6584
22 6585
5 6586
75 6587
94 6588
99 6589
11 6590
84 6591
51 6592
88 6593
85 6594
49 6595
55 6596
5 6597
48 6598
52 6599
57 6600
43 6601
66 6602
86 6603
2 6604
39 6605
54 6606
36 6607
95 6608
56 6609
16 6610
14 6611
69 6612
30 6613
31 6614
63 6615
30 6616
48 6617
29 6618
58 6619
4 6620
97 6621
77 6622
72 6623
33 6624
67 6625
0 6626
89 6627
79 6628
83 6629
5 6630
70 6631
79 6632
20 6633
65 6634
16 6635
62 6636
12 6637
6 6638
95 6639
37 6640
83 6641
23 6642
98 6643
46 6644
66 6645
9 6646
55 6647
14 6648
58 6649
74 6650
80 6651
12 6652
92 6653
62 6654
28 6655
70 6656
3 6657
87 6658
94 6659
69 6660
26 6661
34 6662
60 6663
33 6664
51 6665
75 6666
81 6667
31 6668
98 6669
91 6670
9 6671
7 6672
95 6673
63 6674
54 6675
73 6676
65 6677
18 6678
18 6679
74 6680
64 6681
79 6682
77 6683
88 6684
6 6685
63 6686
80 6687
97 6688
80 6689
93 6690
33 6691
15 6692
82 6693
5 6694
48 6695
4 6696
6 6697
55 6698
50 6699
24 6700
5 6701
95 6702
79 6703
64 6704
0 6705
25 6706
35 6707
8 6708
60 6709
25 6710
70 6711
40 6712
75 6713
28 6714
5 6715
28 6716
56 6717
84 6718
5 6719
29 6720
72 6721
36 6722
43 6723
91 6724
8 6725
38 6726
9 6727
9 6728
55 6729
89 6730
1 6731
23 6732
42 6733
45 6734
25 6735
57 6736
27 6737
20 6738
94 6739
97 6740
1 6741
56 6742
19 6743
33 6744
8 6745
37 6746
88 6747
54 6748
46 6749
66 6750
38 6751
98 6752
16 6753
51 6754
12 6755
92 6756
27 6757
51 6758
67 6759
44 6760
52 6761
83 6762
36 6763
31 6764
15 6765
54 6766
10 6767
12 6768
69 6769
32 6770
25 6771
55 6772
55 6773
65 6774
97 6775
10 6776
61 6777
7 6778
6 6779
75 6780
26 6781
3 6782
4 6783
37 6784
8 6785
13 6786
75 6787
17 6788
77 6789
66 6790
62 6791
30 6792
44 6793
43 6794
59 6795
70 6796
52 6797
97 6798
63 6799
74 6800
56 6801
88 6802
6 6803
98 6804
0 6805
4 6806
48 6807
44 6808
85 6809
83 6810
86 6811
74 6812
78 6813
15 6814
6 6815
88 6816
85 6817
61 6818
91 6819
98 6820
7 6821
64 6822
41 6823
9 6824
86 6825
60 6826
98 6827
11 6828
66 6829
87 6830
27 6831
89 6832
24 6833
1 6834
92 6835
3 6836
47 6837
69 6838
14 6839
16 6840
10 6841
53 6842
74 6843
34 6844
46 6845
20 6846
43 6847
56 6848
28 6849
49 6850
98 6851
84 6852
62 6853
52 6854
46 6855
32 6856
2 6857
72 6858
80 6859
65 6860
51 6861
13 6862
61 6863
23 6864
57 6865
8 6866
52 6867
40 6868
28 6869
29 6870
2 6871
92 6872
68 6873
77 6874
80 6875
38 6876
7 6877
4 6878
34 6879
32 6880
86 6881
69 6882
19 6883
24 6884
55 6885
55 6886
5 6887
72 6888
55 6889
55 6890
19 6891
67 6892
45 6893
8 6894
94 6895
48 6896
95 6897
82 6898
94 6899
95 6900
99 6901
32 6902
46 6903
30 6904
5 6905
79 6906
21 6907
85 6908
74 6909
53 6910
61 6911
51 6912
80 6913
78 6914
48 6915
11 6916
52 6917
51 6918
33 6919
4 6920
44 6921
66 6922
50 6923
55 6924
13 6925
20 6926
58 6927
82 6928
61 6929
85 6930
76 6931
76 6932
85 6933
34 6934
3 6935
50 6936
86 6937
37 6938
7 6939
70 6940
92 6941
23 6942
39 6943
27 6944
11 6945
74 6946
40 6947
40 6948
34 6949
48 6950
52 6951
76 6952
68 6953
13 6954
45 6955
0 6956
85 6957
51 6958
9 6959
31 6960
26 6961
97 6962
7 6963
54 6964
36 6965
12 6966
70 6967
26 6968
55 6969
32 6970
79 6971
56 6972
62 6973
42 6974
99 6975
75 6976
13 6977
64 6978
53 6979
56 6980
81 6981
37 6982
50 6983
97 6984
20 6985
17 6986
73 6987
37 6988
61 6989
98 6990
94 6991
82 6992
89 6993
0 6994
74 6995
78 6996
84 6997
76 6998
62 6999
88 7000
68 7001
90 7002
81 7003
27 7004
1 7005
33 7006
87 7007
84 7008
83 7009
63 7010
44 7011
46 7012
17 7013
71 7014
43 7015
55 7016
27 7017
83 7018
25 7019
6 7020
6 7021
70 7022
49 7023
83 7024
46 7025
52 7026
48 7027
0 7028
35 7029
7 7030
70 7031
61 7032
16 7033
47 7034
0 7035
88 7036
79 7037
47 7038
22 7039
59 7040
19 7041
81 7042
10 7043
34 7044
51 7045
78 7046
60 7047
66 7048
61 7049
33 7050
25 7051
23 7052
78 7053
20 7054
0 7055
15 7056
9 7057
67 7058
98 7059
69 7060
96 7061
48 7062
57 7063
22 7064
20 7065
69 7066
52 7067
2 7068
34 7069
70 7070
18 7071
24 7072
60 7073
40 7074
75 7075
96 7076
3 7077
74 7078
51 7079
22 7080
12 7081
26 7082
28 7083
19 7084
66 7085
54 7086
14 7087
88 7088
5 7089
86 7090
29 7091
16 7092
12 7093
75 7094
26 7095
83 7096
99 7097
14 7098
14 7099
33 7100
99 7101
60 7102
28 7103
41 7104
92 7105
35 7106
93 7107
94 7108
70 7109
27 7110
96 7111
7 7112
42 7113
53 7114
54 7115
11 7116
91 7117
0 7118
21 7119
69 7120
36 7121
49 7122
68 7123
23 7124
39 7125
12 7126
7 7127
81 7128
50 7129
85 7130
92 7131
36 7132
65 7133
69 7134
47 7135
11 7136
32 7137
2 7138
28 7139
52 7140
28 7141
71 7142
1 7143
72 7144
33 7145
98 7146
34 7147
61 7148
4 7149
69 7150
18 7151
23 7152
66 7153
52 7154
37 7155
73 7156
47 7157
37 7158
68 7159
86 7160
60 7161
61 7162
4 7163
31 7164
14 7165
1 7166
22 7167
36 7168
92 7169
12 7170
87 7171
90 7172
65 7173
60 7174
74 7175
18 7176
14 7177
22 7178
10 7179
55 7180
15 7181
21 7182
12 7183
55 7184
30 7185
30 7186
78 7187
25 7188
1 7189
85 7190
55 7191
29 7192
56 7193
99 7194
59 7195
19 7196
84 7197
71 7198
74 7199
31 7200
4 7201
97 7202
79 7203
88 7204
9 7205
80 7206
5 7207
2 7208
37 7209
10 7210
61 7211
53 7212
39 7213
30 7214
11 7215
25 7216
20 7217
97 7218
79 7219
14 7220
66 7221
3 7222
92 7223
14 7224
66 7225
24 7226
36 7227
16 7228
77 7229
26 7230
98 7231
11 7232
88 7233
29 7234
54 7235
66 7236
28 7237
56 7238
57 7239
17 7240
50 7241
70 7242
37 7243
1 7244
93 7245
44 7246
88 7247
2 7248
16 7249
16 7250
61 7251
33 7252
97 7253
80 7254
10 7255
40 7256
74 7257
32 7258
23 7259
25 7260
94 7261
66 7262
7 7263
6 7264
51 7265
48 7266
78 7267
59 7268
29 7269
16 7270
35 7271
60 7272
42 7273
47 7274
63 7275
90 7276
21 7277
45 7278
10 7279
35 7280
76 7281
43 7282
19 7283
31 7284
88 7285
72 7286
50 7287
19 7288
96 7289
32 7290
60 7291
33 7292
91 7293
74 7294
70 7295
38 7296
71 7297
67 7298
69 7299
88 7300
23 7301
11 7302
11 7303
7 7304
42 7305
44 7306
85 7307
22 7308
36 7309
99 7310
44 7311
91 7312
69 7313
99 7314
87 7315
27 7316
37 7317
97 7318
82 7319
79 7320
41 7321
38 7322
18 7323
28 7324
84 7325
16 7326
20 7327
5 7328
73 7329
75 7330
78 7331
99 7332
94 7333
73 7334
45 7335
59 7336
33 7337
14 7338
64 7339
56 7340
51 7341
60 7342
94 7343
69 7344
48 7345
43 7346
76 7347
72 7348
15 7349
76 7350
88 7351
44 7352
9 7353
65 7354
56 7355
9 7356
22 7357
59 7358
49 7359
77 7360
20 7361
35 7362
93 7363
99 7364
82 7365
59 7366
14 7367
50 7368
60 7369
1 7370
4 7371
95 7372
12 7373
32 7374
88 7375
3 7376
54 7377
99 7378
9 7379
42 7380
41 7381
91 7382
94 7383
12 7384
60 7385
18 7386
0 7387
52 7388
31 7389
50 7390
44 7391
53 7392
89 7393
34 7394
35 7395
80 7396
59 7397
57 7398
79 7399
82 7400
72 7401
19 7402
85 7403
82 7404
9 7405
84 7406
75 7407
66 7408
6 7409
61 7410
74 7411
62 7412
59 7413
83 7414
48 7415
77 7416
97 7417
13 7418
27 7419
64 7420
11 7421
4 7422
98 7423
83 7424
24 7425
65 7426
54 7427
80 7428
50 7429
24 7430
25 7431
32 7432
80 7433
97 7434
71 7435
77 7436
55 7437
96 7438
15 7439
26 7440
15 7441
16 7442
97 7443
16 7444
0 7445
79 7446
90 7447
44 7448
43 7449
87 7450
15 7451
5 7452
49 7453
77 7454
87 7455
59 7456
40 7457
98 7458
52 7459
0 7460
99 7461
73 7462
0 7463
71 7464
56 7465
26 7466
82 7467
46 7468
23 7469
21 7470
81 7471
60 7472
91 7473
70 7474
43 7475
35 7476
63 7477
1 7478
32 7479
39 7480
49 7481
62 7482
46 7483
49 7484
42 7485
21 7486
11 7487
15 7488
21 7489
26 7490
88 7491
16 7492
62 7493
76 7494
60 7495
76 7496
59 7497
54 7498
42 7499
51 7500
98 7501
50 7502
80 7503
89 7504
9 7505
42 7506
11 7507
66 7508
83 7509
6 7510
29 7511
82 7512
63 7513
47 7514
60 7515
99 7516
71 7517
43 7518
38 7519
23 7520
33 7521
72 7522
22 7523
43 7524
84 7525
12 7526
84 7527
96 7528
37 7529
33 7530
73 7531
18 7532
5 7533
6 7534
78 7535
1 7536
49 7537
76 7538
53 7539
14 7540
13 7541
10 7542
18 7543
52 7544
16 7545
25 7546
82 7547
55 7548
4 7549
76 7550
47 7551
78 7552
37 7553
82 7554
40 7555
46 7556
72 7557
82 7558
37 7559
37 7560
82 7561
19 7562
35 7563
67 7564
30 7565
85 7566
94 7567
73 7568
77 7569
34 7570
7 7571
48 7572
56 7573
69 7574
25 7575
64 7576
41 7577
80 7578
83 7579
85 7580
9 7581
73 7582
99 7583
1 7584
35 7585
41 7586
89 7587
17 7588
32 7589
65 7590
28 7591
47 7592
61 7593
92 7594
0 7595
53 7596
54 7597
78 7598
57 7599
25 7600
21 7601
95 7602
81 7603
93 7604
33 7605
94 7606
99 7607
77 7608
69 7609
88 7610
57 7611
81 7612
94 7613
89 7614
95 7615
12 7616
46 7617
27 7618
5 7619
25 7620
8 7621
91 7622
8 7623
50 7624
26 7625
44 7626
89 7627
6 7628
98 7629
21 7630
3 7631
55 7632
30 7633
93 7634
40 7635
8 7636
43 7637
62 7638
75 7639
9 7640
48 7641
74 7642
42 7643
37 7644
44 7645
36 7646
4 7647
43 7648
2 7649
19 7650
31 7651
99 7652
90 7653
22 7654
28 7655
46 7656
52 7657
34 7658
59 7659
25 7660
96 7661
20 7662
10 7663
84 7664
50 7665
1 7666
38 7667
36 7668
98 7669
83 7670
0 7671
26 7672
7 7673
19 7674
17 7675
94 7676
46 7677
54 7678
54 7679
67 7680
33 7681
4 7682
31 7683
18 7684
45 7685
73 7686
29 7687
39 7688
42 7689
49 7690
43 7691
85 7692
74 7693
97 7694
80 7695
22 7696
25 7697
18 7698
79 7699
54 7700
72 7701
27 7702
8 7703
22 7704
59 7705
73 7706
92 7707
18 7708
46 7709
62 7710
64 7711
37 7712
11 7713
68 7714
44 7715
39 7716
2 7717
33 7718
38 7719
79 7720
60 7721
94 7722
43 7723
18 7724
59 7725
10 7726
57 7727
21 7728
16 7729
49 7730
80 7731
62 7732
70 7733
22 7734
99 7735
20 7736
46 7737
8 7738
39 7739
27 7740
27 7741
78 7742
83 7743
11 7744
34 7745
98 7746
5 7747
65 7748
53 7749
84 7750
32 7751
4 7752
90 7753
12 7754
46 7755
40 7756
82 7757
17 7758
9 7759
3 7760
23 7761
31 7762
39 7763
89 7764
67 7765
64 7766
67 7767
17 7768
75 7769
33 7770
1 7771
82 7772
51 7773
67 7774
4 7775
0 7776
36 7777
85 7778
1 7779
60 7780
54 7781
73 7782
87 7783
77 7784
58 7785
67 7786
61 7787
8 7788
61 7789
98 7790
42 7791
12 7792
96 7793
96 7794
63 7795
49 7796
69 7797
46 7798
32 7799
66 7800
44 7801
45 7802
91 7803
40 7804
54 7805
29 7806
73 7807
99 7808
67 7809
50 7810
92 7811
51 7812
7 7813
93 7814
8 7815
47 7816
43 7817
94 7818
87 7819
36 7820
59 7821
33 7822
74 7823
13 7824
28 7825
6 7826
67 7827
20 7828
38 7829
58 7830
8 7831
93 7832
4 7833
0 7834
42 7835
53 7836
45 7837
99 7838
40 7839
20 7840
82 7841
64 7842
15 7843
71 7844
25 7845
51 7846
55 7847
45 7848
65 7849
23 7850
26 7851
71 7852
72 7853
2 7854
59 7855
70 7856
19 7857
42 7858
59 7859
8 7860
81 7861
42 7862
14 7863
73 7864
63 7865
43 7866
12 7867
39 7868
47 7869
76 7870
17 7871
46 7872
25 7873
60 7874
91 7875
24 7876
21 7877
96 7878
24 7879
67 7880
60 7881
48 7882
38 7883
1 7884
65 7885
55 7886
46 7887
98 7888
74 7889
89 7890
72 7891
87 7892
76 7893
72 7894
3 7895
49 7896
94 7897
7 7898
36 7899
88 7900
10 7901
73 7902
86 7903
73 7904
9 7905
74 7906
93 7907
67 7908
80 7909
17 7910
22 7911
90 7912
96 7913
51 7914
70 7915
92 7916
53 7917
74 7918
41 7919
6 7920
84 7921
42 7922
22 7923
14 7924
44 7925
48 7926
92 7927
10 7928
30 7929
60 7930
28 7931
52 7932
42 7933
20 7934
11 7935
57 7936
66 7937
80 7938
44 7939
45 7940
44 7941
23 7942
52 7943
90 7944
61 7945
16 7946
53 7947
44 7948
42 7949
55 7950
95 7951
1 7952
56 7953
57 7954
62 7955
86 7956
21 7957
75 7958
36 7959
27 7960
21 7961
81 7962
95 7963
86 7964
37 7965
62 7966
51 7967
63 7968
89 7969
89 7970
81 7971
47 7972
72 7973
27 7974
27 7975
88 7976
18 7977
36 7978
98 7979
90 7980
47 7981
86 7982
69 7983
44 7984
74 7985
79 7986
8 7987
38 7988
91 7989
28 7990
74 7991
94 7992
26 7993
2 7994
21 7995
23 7996
57 7997
90 7998
26 7999
85 8000
76 8001
98 8002
81 8003
35 8004
79 8005
77 8006
14 8007
8 8008
13 8009
56 8010
77 8011
57 8012
93 8013
89 8014
83 8015
33 8016
54 8017
99 8018
39 8019
58 8020
11 8021
25 8022
80 8023
4 8024
96 8025
93 8026
71 8027
27 8028
49 8029
44 8030
95 8031
87 8032
98 8033
30 8034
47 8035
48 8036
46 8037
85 8038
33 8039
63 8040
11 8041
23 8042
21 8043
54 8044
5 8045
86 8046
2 8047
53 8048
40 8049
26 8050
0 8051
96 8052
38 8053
46 8054
85 8055
41 8056
27 8057
22 8058
89 8059
83 8060
20 8061
12 8062
83 8063
19 8064
7 8065
68 8066
12 8067
68 8068
63 8069
46 8070
70 8071
31 8072
98 8073
26 8074
47 8075
63 8076
41 8077
62 8078
46 8079
62 8080
60 8081
7 8082
84 8083
45 8084
70 8085
77 8086
11 8087
18 8088
47 8089
42 8090
14 8091
70 8092
63 8093
55 8094
70 8095
16 8096
39 8097
35 8098
90 8099
1 8100
3 8101
92 8102
74 8103
36 8104
34 8105
88 8106
36 8107
18 8108
77 8109
46 8110
42 8111
57 8112
2 8113
46 8114
22 8115
8 8116
38 8117
8 8118
65 8119
24 8120
35 8121
97 8122
39 8123
6 8124
14 8125
52 8126
19 8127
38 8128
64 8129
49 8130
18 8131
24 8132
72 8133
21 8134
21 8135
16 8136
66 8137
41 8138
48 8139
54 8140
78 8141
76 8142
18 8143
84 8144
93 8145
8 8146
95 8147
48 8148
34 8149
83 8150
87 8151
19 8152
58 8153
85 8154
55 8155
94 8156
91 8157
42 8158
20 8159
44 8160
19 8161
2 8162
57 8163
91 8164
67 8165
81 8166
14 8167
11 8168
59 8169
37 8170
9 8171
44 8172
26 8173
59 8174
94 8175
19 8176
92 8177
65 8178
27 8179
55 8180
64 8181
12 8182
91 8183
45 8184
98 8185
88 8186
95 8187
3 8188
40 8189
70 8190
6 8191
29 8192
4 8193
7 8194
12 8195
89 8196
40 8197
36 8198
22 8199
8 8200
48 8201
26 8202
81 8203
72 8204
71 8205
39 8206
8 8207
53 8208
60 8209
52 8210
89 8211
10 8212
39 8213
6 8214
56 8215
8 8216
85 8217
28 8218
20 8219
46 8220
81 8221
10 8222
6 8223
49 8224
52 8225
3 8226
24 8227
49 8228
78 8229
83 8230
75 8231
7 8232
77 8233
34 8234
97 8235
36 8236
45 8237
19 8238
99 8239
89 8240
94 8241
65 8242
23 8243
5 8244
65 8245
62 8246
16 8247
28 8248
68 8249
14 8250
60 8251
28 8252
3 8253
90 8254
15 8255
26 8256
43 8257
37 8258
83 8259
44 8260
22 8261
27 8262
46 8263
99 8264
21 8265
38 8266
20 8267
76 8268
92 8269
31 8270
90 8271
96 8272
42 8273
48 8274
96 8275
70 8276
46 8277
96 8278
0 8279
65 8280
13 8281
12 8282
46 8283
16 8284
37 8285
75 8286
48 8287
76 8288
43 8289
43 8290
52 8291
17 8292
3 8293
85 8294
17 8295
62 8296
94 8297
53 8298
20 8299
62 8300
30 8301
25 8302
59 8303
12 8304
69 8305
77 8306
0 8307
43 8308
21 8309
58 8310
45 8311
42 8312
76 8313
74 8314
14 8315
1 8316
46 8317
31 8318
94 8319
2 8320
96 8321
44 8322
98 8323
17 8324
10 8325
76 8326
73 8327
89 8328
18 8329
0 8330
1 8331
17 8332
25 8333
56 8334
45 8335
81 8336
67 8337
44 8338
13 8339
67 8340
25 8341
68 8342
63 8343
86 8344
48 8345
61 8346
57 8347
16 8348
7 8349
36 8350
94 8351
32 8352
71 8353
56 8354
39 8355
27 8356
18 8357
47 8358
18 8359
51 8360
17 8361
59 8362
81 8363
53 8364
58 8365
75 8366
12 8367
20 8368
24 8369
27 8370
33 8371
68 8372
53 8373
88 8374
34 8375
5 8376
18 8377
56 8378
5 8379
61 8380
61 8381
36 8382
82 8383
88 8384
70 8385
47 8386
88 8387
5 8388
83 8389
34 8390
90 8391
94 8392
62 8393
63 8394
42 8395
97 8396
17 8397
77 8398
33 8399
67 8400
66 8401
39 8402
69 8403
60 8404
27 8405
26 8406
88 8407
79 8408
13 8409
49 8410
29 8411
22 8412
10 8413
13 8414
24 8415
63 8416
66 8417
28 8418
8 8419
45 8420
44 8421
86 8422
37 8423
19 8424
20 8425
50 8426
60 8427
48 8428
6 8429
60 8430
96 8431
57 8432
81 8433
22 8434
84 8435
18 8436
98 8437
2 8438
8 8439
12 8440
53 8441
67 8442
27 8443
75 8444
53 8445
67 8446
80 8447
89 8448
61 8449
32 8450
64 8451
66 8452
31 8453
93 8454
80 8455
47 8456
87 8457
41 8458
66 8459
94 8460
64 8461
37 8462
94 8463
9 8464
6 8465
62 8466
68 8467
31 8468
15 8469
35 8470
33 8471
38 8472
39 8473
55 8474
78 8475
77 8476
13 8477
28 8478
41 8479
51 8480
79 8481
17 8482
70 8483
8 8484
71 8485
33 8486
79 8487
18 8488
33 8489
73 8490
66 8491
37 8492
81 8493
30 8494
14 8495
32 8496
79 8497
49 8498
12 8499
69 8500
35 8501
28 8502
8 8503
68 8504
52 8505
75 8506
39 8507
10 8508
44 8509
13 8510
82 8511
53 8512
24 8513
68 8514
15 8515
86 8516
11 8517
62 8518
0 8519
44 8520
32 8521
57 8522
86 8523
57 8524
4 8525
83 8526
50 8527
94 8528
60 8529
27 8530
42 8531
21 8532
19 8533
5 8534
20 8535
18 8536
28 8537
11 8538
17 8539
80 8540
19 8541
30 8542
22 8543
26 8544
11 8545
95 8546
36 8547
66 8548
46 8549
92 8550
4 8551
5 8552
58 8553
77 8554
36 8555
52 8556
2 8557
91 8558
63 8559
89 8560
79 8561
56 8562
88 8563
98 8564
49 8565
12 8566
5 8567
30 8568
33 8569
57 8570
31 8571
45 8572
65 8573
15 8574
9 8575
99 8576
99 8577
88 8578
57 8579
60 8580
15 8581
17 8582
79 8583
59 8584
67 8585
71 8586
65 8587
59 8588
33 8589
15 8590
90 8591
63 8592
55 8593
93 8594
92 8595
61 8596
35 8597
46 8598
42 8599
59 8600
95 8601
57 8602
82 8603
1 8604
56 8605
7 8606
77 8607
67 8608
45 8609
19 8610
3 8611
70 8612
30 8613
81 8614
67 8615
28 8616
6 8617
46 8618
10 8619
32 8620
78 8621
19 8622
58 8623
44 8624
96 8625
39 8626
76 8627
63 8628
79 8629
11 8630
49 8631
99 8632
44 8633
8 8634
92 8635
69 8636
99 8637
33 8638
23 8639
93 8640
43 8641
72 8642
4 8643
89 8644
15 8645
63 8646
18 8647
4 8648
29 8649
84 8650
91 8651
84 8652
79 8653
10 8654
27 8655
5 8656
99 8657
60 8658
7 8659
80 8660
44 8661
47 8662
26 8663
59 8664
27 8665
10 8666
0 8667
73 8668
0 8669
86 8670
35 8671
39 8672
89 8673
1 8674
31 8675
8 8676
88 8677
78 8678
17 8679
82 8680
28 8681
98 8682
75 8683
46 8684
98 8685
72 8686
27 8687
97 8688
72 8689
28 8690
12 8691
41 8692
71 8693
21 8694
53 8695
0 8696
74 8697
66 8698
99 8699
83 8700
69 8701
54 8702
30 8703
3 8704
29 8705
6 8706
44 8707
64 8708
26 8709
96 8710
3 8711
42 8712
33 8713
75 8714
20 8715
49 8716
96 8717
57 8718
94 8719
80 8720
24 8721
53 8722
29 8723
9 8724
63 8725
52 8726
98 8727
87 8728
20 8729
88 8730
60 8731
62 8732
68 8733
89 8734
99 8735
59 8736
69 8737
97 8738
33 8739
34 8740
94 8741
47 8742
23 8743
57 8744
74 8745
21 8746
58 8747
88 8748
59 8749
26 8750
87 8751
76 8752
45 8753
0 8754
64 8755
61 8756
20 8757
97 8758
6 8759
1 8760
0 8761
47 8762
36 8763
12 8764
48 8765
6 8766
39 8767
80 8768
86 8769
15 8770
9 8771
15 8772
14 8773
43 8774
96 8775
67 8776
89 8777
75 8778
49 8779
27 8780
23 8781
72 8782
74 8783
0 8784
87 8785
53 8786
62 8787
94 8788
51 8789
1 8790
90 8791
95 8792
52 8793
96 8794
44 8795
84 8796
20 8797
85 8798
49 8799
95 8800
15 8801
4 8802
80 8803
82 8804
11 8805
82 8806
45 8807
43 8808
11 8809
95 8810
50 8811
21 8812
17 8813
27 8814
99 8815
72 8816
46 8817
66 8818
90 8819
82 8820
66 8821
72 8822
75 8823
10 8824
25 8825
38 8826
79 8827
61 8828
83 8829
81 8830
59 8831
60 8832
0 8833
66 8834
32 8835
7 8836
2 8837
26 8838
38 8839
41 8840
98 8841
8 8842
16 8843
97 8844
73 8845
24 8846
3 8847
74 8848
28 8849
77 8850
61 8851
27 8852
14 8853
8 8854
50 8855
91 8856
18 8857
52 8858
4 8859
80 8860
9 8861
40 8862
75 8863
86 8864
50 8865
1 8866
50 8867
13 8868
10 8869
1 8870
4 8871
31 8872
11 8873
21 8874
63 8875
89 8876
13 8877
75 8878
47 8879
8 8880
6 8881
42 8882
84 8883
4 8884
54 8885
39 8886
6 8887
30 8888
70 8889
78 8890
6 8891
26 8892
6 8893
63 8894
76 8895
67 8896
99 8897
77 8898
64 8899
67 8900
35 8901
5 8902
11 8903
43 8904
60 8905
61 8906
78 8907
11 8908
60 8909
75 8910
20 8911
95 8912
72 8913
2 8914
46 8915
56 8916
65 8917
20 8918
70 8919
62 8920
48 8921
7 8922
67 8923
27 8924
67 8925
91 8926
5 8927
80 8928
27 8929
75 8930
92 8931
97 8932
69 8933
96 8934
19 8935
21 8936
4 8937
29 8938
38 8939
29 8940
47 8941
46 8942
82 8943
4 8944
56 8945
37 8946
29 8947
95 8948
85 8949
61 8950
33 8951
67 8952
96 8953
85 8954
66 8955
35 8956
72 8957
46 8958
7 8959
45 8960
26 8961
5 8962
68 8963
1 8964
85 8965
63 8966
33 8967
30 8968
17 8969
10 8970
54 8971
48 8972
8 8973
57 8974
33 8975
12 8976
51 8977
76 8978
55 8979
35 8980
52 8981
76 8982
21 8983
75 8984
82 8985
31 8986
32 8987
55 8988
46 8989
36 8990
57 8991
30 8992
73 8993
73 8994
94 8995
92 8996
70 8997
5 8998
24 8999
5 9000
92 9001
84 9002
34 9003
1 9004
44 9005
41 9006
78 9007
26 9008
83 9009
0 9010
72 9011
18 9012
57 9013
57 9014
36 9015
52 9016
34 9017
78 9018
62 9019
38 9020
10 9021
24 9022
89 9023
13 9024
45 9025
17 9026
62 9027
4 9028
25 9029
96 9030
80 9031
34 9032
66 9033
34 9034
47 9035
62 9036
51 9037
78 9038
61 9039
96 9040
25 9041
50 9042
19 9043
66 9044
45 9045
11 9046
46 9047
51 9048
71 9049
27 9050
13 9051
26 9052
63 9053
58 9054
5 9055
63 9056
63 9057
81 9058
71 9059
18 9060
64 9061
17 9062
26 9063
51 9064
1 9065
39 9066
57 9067
88 9068
18 9069
72 9070
67 9071
27 9072
41 9073
67 9074
32 9075
44 9076
71 9077
27 9078
7 9079
52 9080
87 9081
22 9082
83 9083
7 9084
39 9085
66 9086
93 9087
10 9088
61 9089
51 9090
84 9091
16 9092
2 9093
80 9094
98 9095
74 9096
26 9097
2 9098
65 9099
82 9100
1 9101
31 9102
72 9103
38 9104
85 9105
12 9106
53 9107
36 9108
48 9109
60 9110
7 9111
46 9112
58 9113
16 9114
47 9115
22 9116
76 9117
62 9118
53 9119
92 9120
34 9121
27 9122
75 9123
84 9124
55 9125
71 9126
53 9127
45 9128
70 9129
80 9130
70 9131
86 9132
27 9133
83 9134
44 9135
79 9136
78 9137
5 9138
75 9139
56 9140
49 9141
77 9142
54 9143
15 9144
0 9145
76 9146
59 9147
83 9148
39 9149
54 9150
51 9151
65 9152
12 9153
83 9154
9 9155
17 9156
62 9157
1 9158
38 9159
32 9160
46 9161
63 9162
83 9163
7 9164
16 9165
56 9166
1 9167
33 9168
3 9169
62 9170
35 9171
82 9172
50 9173
48 9174
0 9175
41 9176
86 9177
77 9178
94 9179
65 9180
5 9181
11 9182
43 9183
33 9184
73 9185
4 9186
48 9187
88 9188
95 9189
67 9190
77 9191
42 9192
50 9193
59 9194
34 9195
77 9196
43 9197
14 9198
41 9199
62 9200
79 9201
46 9202
37 9203
56 9204
7 9205
59 9206
47 9207
31 9208
76 9209
17 9210
46 9211
78 9212
8 9213
79 9214
23 9215
97 9216
87 9217
57 9218
87 9219
63 9220
70 9221
9 9222
2 9223
61 9224
86 9225
38 9226
1 9227
72 9228
95 9229
37 9230
18 9231
32 9232
32 9233
22 9234
29 9235
93 9236
59 9237
52 9238
21 9239
53 9240
56 9241
13 9242
9 9243
21 9244
41 9245
91 9246
69 9247
80 9248
54 9249
48 9250
67 9251
27 9252
35 9253
37 9254
2 9255
55 9256
39 9257
6 9258
3 9259
52 9260
39 9261
51 9262
55 9263
9 9264
35 9265
2 9266
68 9267
91 9268
67 9269
69 9270
46 9271
35 9272
64 9273
53 9274
81 9275
95 9276
47 9277
57 9278
37 9279
15 9280
58 9281
56 9282
37 9283
42 9284
76 9285
77 9286
43 9287
43 9288
52 9289
1 9290
78 9291
28 9292
7 9293
7 9294
28 9295
14 9296
87 9297
55 9298
7 9299
16 9300
36 9301
15 9302
67 9303
43 9304
33 9305
93 9306
84 9307
4 9308
36 9309
50 9310
39 9311
21 9312
61 9313
48 9314
5 9315
36 9316
28 9317
64 9318
77 9319
46 9320
49 9321
41 9322
35 9323
15 9324
44 9325
32 9326
8 9327
82 9328
46 9329
17 9330
49 9331
58 9332
45 9333
40 9334
72 9335
29 9336
95 9337
79 9338
69 9339
21 9340
30 9341
75 9342
64 9343
33 9344
88 9345
77 9346
68 9347
62 9348
8 9349
4 9350
57 9351
48 9352
36 9353
71 9354
21 9355
82 9356
40 9357
31 9358
54 9359
48 9360
9 9361
60 9362
62 9363
37 9364
72 9365
35 9366
35 9367
56 9368
51 9369
99 9370
62 9371
61 9372
46 9373
16 9374
73 9375
73 9376
82 9377
67 9378
33 9379
48 9380
13 9381
90 9382
65 9383
47 9384
6 9385
67 9386
47 9387
97 9388
56 9389
37 9390
97 9391
72 9392
55 9393
90 9394
73 9395
68 9396
68 9397
14 9398
5 9399
73 9400
65 9401
85 9402
88 9403
6 9404
61 9405
3 9406
65 9407
31 9408
74 9409
80 9410
55 9411
9 9412
43 9413
46 9414
7 9415
30 9416
16 9417
65 9418
86 9419
78 9420
33 9421
72 9422
6 9423
55 9424
1 9425
21 9426
60 9427
62 9428
8 9429
2 9430
79 9431
54 9432
8 9433
64 9434
53 9435
3 9436
34 9437
33 9438
88 9439
8 9440
61 9441
87 9442
80 9443
57 9444
12 9445
49 9446
48 9447
51 9448
53 9449
40 9450
80 9451
86 9452
40 9453
17 9454
86 9455
48 9456
72 9457
31 9458
31 9459
3 9460
36 9461
30 9462
59 9463
86 9464
12 9465
41 9466
80 9467
93 9468
98 9469
64 9470
44 9471
45 9472
86 9473
90 9474
53 9475
95 9476
53 9477
64 9478
4 9479
91 9480
15 9481
80 9482
5 9483
18 9484
38 9485
91 9486
20 9487
35 9488
58 9489
61 9490
40 9491
55 9492
16 9493
60 9494
74 9495
97 9496
82 9497
91 9498
55 9499
14 9500
27 9501
55 9502
31 9503
57 9504
9 9505
88 9506
81 9507
18 9508
39 9509
59 9510
9 9511
42 9512
32 9513
38 9514
66 9515
37 9516
44 9517
46 9518
76 9519
65 9520
84 9521
8 9522
70 9523
71 9524
14 9525
40 9526
75 9527
94 9528
11 9529
15 9530
13 9531
89 9532
1 9533
24 9534
85 9535
16 9536
22 9537
17 9538
19 9539
14 9540
46 9541
43 9542
24 9543
16 9544
46 9545
78 9546
8 9547
62 9548
16 9549
66 9550
96 9551
86 9552
78 9553
77 9554
53 9555
68 9556
8 9557
46 9558
16 9559
76 9560
71 9561
60 9562
66 9563
48 9564
10 9565
49 9566
20 9567
27 9568
0 9569
47 9570
11 9571
74 9572
1 9573
51 9574
97 9575
91 9576
18 9577
14 9578
77 9579
74 9580
35 9581
79 9582
54 9583
69 9584
99 9585
32 9586
71 9587
77 9588
6 9589
20 9590
53 9591
36 9592
6 9593
65 9594
40 9595
71 9596
54 9597
72 9598
92 9599
34 9600
32 9601
10 9602
99 9603
30 9604
25 9605
0 9606
47 9607
94 9608
11 9609
77 9610
48 9611
49 9612
63 9613
29 9614
77 9615
78 9616
96 9617
77 9618
4 9619
18 9620
61 9621
93 9622
17 9623
34 9624
97 9625
16 9626
87 9627
33 9628
52 9629
38 9630
4 9631
93 9632
88 9633
48 9634
64 9635
80 9636
56 9637
41 9638
29 9639
87 9640
36 9641
10 9642
10 9643
45 9644
82 9645
89 9646
96 9647
9 9648
39 9649
40 9650
45 9651
71 9652
55 9653
99 9654
0 9655
21 9656
1 9657
22 9658
67 9659
13 9660
47 9661
98 9662
30 9663
45 9664
63 9665
91 9666
46 9667
10 9668
6 9669
37 9670
0 9671
49 9672
6 9673
72 9674
9 9675
85 9676
71 9677
57 9678
59 9679
29 9680
8 9681
72 9682
57 9683
3 9684
32 9685
45 9686
44 9687
27 9688
87 9689
86 9690
86 9691
94 9692
52 9693
31 9694
53 9695
29 9696
37 9697
42 9698
10 9699
17 9700
69 9701
71 9702
58 9703
91 9704
74 9705
25 9706
66 9707
12 9708
36 9709
66 9710
87 9711
42 9712
17 9713
78 9714
32 9715
58 9716
63 9717
38 9718
49 9719
58 9720
49 9721
48 9722
82 9723
91 9724
84 9725
32 9726
21 9727
71 9728
91 9729
68 9730
43 9731
83 9732
23 9733
61 9734
55 9735
81 9736
56 9737
13 9738
49 9739
43 9740
50 9741
6 9742
37 9743
1 9744
23 9745
31 9746
33 9747
51 9748
27 9749
34 9750
72 9751
31 9752
51 9753
22 9754
45 9755
41 9756
89 9757
82 9758
83 9759
70 9760
75 9761
69 9762
10 9763
96 9764
66 9765
78 9766
44 9767
25 9768
47 9769
73 9770
79 9771
62 9772
87 9773
59 9774
83 9775
17 9776
46 9777
55 9778
97 9779
81 9780
80 9781
99 9782
13 9783
59 9784
87 9785
49 9786
29 9787
75 9788
95 9789
78 9790
97 9791
86 9792
50 9793
50 9794
32 9795
79 9796
70 9797
55 9798
99 9799
92 9800
81 9801
67 9802
48 9803
99 9804
98 9805
34 9806
46 9807
77 9808
3 9809
6 9810
93 9811
7 9812
22 9813
64 9814
55 9815
45 9816
78 9817
35 9818
72 9819
84 9820
11 9821
8 9822
16 9823
41 9824
45 9825
32 9826
7 9827
70 9828
27 9829
3 9830
71 9831
91 9832
12 9833
45 9834
73 9835
90 9836
23 9837
71 9838
4 9839
19 9840
0 9841
82 9842
57 9843
44 9844
19 9845
60 9846
31 9847
95 9848
70 9849
1 9850
55 9851
54 9852
68 9853
32 9854
16 9855
77 9856
14 9857
7 9858
15 9859
21 9860
4 9861
75 9862
42 9863
94 9864
64 9865
68 9866
17 9867
5 9868
9 9869
6 9870
14 9871
0 9872
33 9873
41 9874
41 9875
0 9876
75 9877
41 9878
44 9879
78 9880
36 9881
28 9882
40 9883
75 9884
85 9885
5 9886
95 9887
40 9888
6 9889
62 9890
97 9891
79 9892
12 9893
90 9894
47 9895
41 9896
67 9897
30 9898
72 9899
20 9900
56 9901
87 9902
68 9903
20 9904
11 9905
77 9906
14 9907
85 9908
58 9909
81 9910
57 9911
29 9912
27 9913
58 9914
88 9915
68 9916
52 9917
75 9918
76 9919
42 9920
85 9921
9 9922
91 9923
80 9924
31 9925
95 9926
94 9927
68 9928
86 9929
11 9930
23 9931
57 9932
61 9933
98 9934
14 9935
98 9936
71 9937
87 9938
23 9939
21 9940
69 9941
25 9942
27 9943
63 9944
26 9945
95 9946
59 9947
22 9948
39 9949
60 9950
57 9951
16 9952
42 9953
76 9954
24 9955
72 9956
55 9957
2 9958
0 9959
88 9960
6 9961
6 9962
56 9963
35 9964
37 9965
57 9966
18 9967
73 9968
60 9969
80 9970
61 9971
15 9972
75 9973
74 9974
77 9975
24 9976
15 9977
95 9978
19 9979
45 9980
35 9981
72 9982
48 9983
39 9984
69 9985
8 9986
38 9987
19 9988
65 9989
48 9990
88 9991
61 9992
87 9993
87 9994
88 9995
29 9996
4 9997
96 9998
3 9999
80 10000
